1 1 1.593324422836
1.1836734693878 1 1.5943183996242
1.3673469387755 1 1.5813853862333
1.5510204081633 1 1.5711324141952
1.734693877551 1 1.5873365742816
1.9183673469388 1 1.5959552234533
2.1020408163265 1 1.5927244668103
2.2857142857143 1 1.5904126848491
2.469387755102 1 1.5926063304048
2.6530612244898 1 1.588900415265
2.8367346938776 1 1.5790335183241
3.0204081632653 1 1.5723683420491
3.2040816326531 1 1.5722191187799
3.3877551020408 1 1.5800265779302
3.5714285714286 1 1.5959977933339
3.7551020408163 1 1.6100863680546
3.9387755102041 1 1.6130376664956
4.1224489795918 1 1.6100458612251
4.3061224489796 1 1.6106803076611
4.4897959183673 1 1.61329460144
4.6734693877551 1 1.6088503842454
4.8571428571429 1 1.5951155935019
5.0408163265306 1 1.5823532878135
5.2244897959184 1 1.5844179391858
5.4081632653061 1 1.6009499199541
5.5918367346939 1 1.6160152493692
5.7755102040816 1 1.6202369174174
5.9591836734694 1 1.6222231534066
6.1428571428571 1 1.630033527102
6.3265306122449 1 1.6350762187218
6.5102040816327 1 1.6278980702767
6.6938775510204 1 1.6166960463232
6.8775510204082 1 1.6126205215649
7.0612244897959 1 1.6095263471408
7.2448979591837 1 1.5994470411416
7.4285714285714 1 1.590101190976
7.6122448979592 1 1.5864961901491
7.7959183673469 1 1.5864274404486
7.9795918367347 1 1.5953052871079
8.1632653061224 1 1.6111821544414
8.3469387755102 1 1.6174396981995
8.530612244898 1 1.6142059978173
8.7142857142857 1 1.6183199882504
8.8979591836735 1 1.61298259667
9.0816326530612 1 1.5971019559974
9.265306122449 1 1.6065695310122
9.4489795918367 1 1.6024311197046
9.6326530612245 1 1.5874076181524
9.8163265306122 1 1.5836629016059
10 1 1.59087741375
1 1.2307692307692 1.5870744295608
1.1836734693878 1.2307692307692 1.5932523945371
1.3673469387755 1.2307692307692 1.5916165014892
1.5510204081633 1.2307692307692 1.5805399693598
1.734693877551 1.2307692307692 1.5910017522827
1.9183673469388 1.2307692307692 1.6034465680128
2.1020408163265 1.2307692307692 1.5973401798243
2.2857142857143 1.2307692307692 1.5815606615042
2.469387755102 1.2307692307692 1.574437104427
2.6530612244898 1.2307692307692 1.586358859363
2.8367346938776 1.2307692307692 1.5985848412095
3.0204081632653 1.2307692307692 1.597677778973
3.2040816326531 1.2307692307692 1.5919830155957
3.3877551020408 1.2307692307692 1.5964810628654
3.5714285714286 1.2307692307692 1.6121504608088
3.7551020408163 1.2307692307692 1.6196962595613
3.9387755102041 1.2307692307692 1.6114011219442
4.1224489795918 1.2307692307692 1.6075673402759
4.3061224489796 1.2307692307692 1.6157335865132
4.4897959183673 1.2307692307692 1.6182528964394
4.6734693877551 1.2307692307692 1.6076008781348
4.8571428571429 1.2307692307692 1.592677681437
5.0408163265306 1.2307692307692 1.5819970744248
5.2244897959184 1.2307692307692 1.5830979962305
5.4081632653061 1.2307692307692 1.5988761931421
5.5918367346939 1.2307692307692 1.617813828539
5.7755102040816 1.2307692307692 1.6281048997665
5.9591836734694 1.2307692307692 1.6345220409968
6.1428571428571 1.2307692307692 1.6414889525148
6.3265306122449 1.2307692307692 1.6390794586101
6.5102040816327 1.2307692307692 1.6229653046556
6.6938775510204 1.2307692307692 1.6083740304739
6.8775510204082 1.2307692307692 1.6058087237904
7.0612244897959 1.2307692307692 1.6015011223742
7.2448979591837 1.2307692307692 1.5863305584787
7.4285714285714 1.2307692307692 1.5738640508375
7.6122448979592 1.2307692307692 1.5725934606518
7.7959183673469 1.2307692307692 1.5770790910672
7.9795918367347 1.2307692307692 1.5851331993523
8.1632653061224 1.2307692307692 1.5976511651717
8.3469387755102 1.2307692307692 1.6087630426987
8.530612244898 1.2307692307692 1.6164284192225
8.7142857142857 1.2307692307692 1.6226995899564
8.8979591836735 1.2307692307692 1.6088533065261
9.0816326530612 1.2307692307692 1.5867738332627
9.265306122449 1.2307692307692 1.5913387953077
9.4489795918367 1.2307692307692 1.5918194078018
9.6326530612245 1.2307692307692 1.5895806876605
9.8163265306122 1.2307692307692 1.5878658910372
10 1.2307692307692 1.586397657028
1 1.4615384615385 1.5928821166359
1.1836734693878 1.4615384615385 1.5934385247157
1.3673469387755 1.4615384615385 1.5903163676734
1.5510204081633 1.4615384615385 1.576678064155
1.734693877551 1.4615384615385 1.5869934387323
1.9183673469388 1.4615384615385 1.5994192068644
2.1020408163265 1.4615384615385 1.5953045991126
2.2857142857143 1.4615384615385 1.5819855504857
2.469387755102 1.4615384615385 1.5714312887268
2.6530612244898 1.4615384615385 1.5889961578535
2.8367346938776 1.4615384615385 1.6161711090586
3.0204081632653 1.4615384615385 1.6246600242139
3.2040816326531 1.4615384615385 1.6193231828299
3.3877551020408 1.4615384615385 1.6165912934214
3.5714285714286 1.4615384615385 1.6201488753376
3.7551020408163 1.4615384615385 1.6156726271493
3.9387755102041 1.4615384615385 1.6031304954673
4.1224489795918 1.4615384615385 1.606112565812
4.3061224489796 1.4615384615385 1.6203464661389
4.4897959183673 1.4615384615385 1.6193367332641
4.6734693877551 1.4615384615385 1.6031904109547
4.8571428571429 1.4615384615385 1.5872280143553
5.0408163265306 1.4615384615385 1.5767454607579
5.2244897959184 1.4615384615385 1.5742557200386
5.4081632653061 1.4615384615385 1.584026773771
5.5918367346939 1.4615384615385 1.6008694435152
5.7755102040816 1.4615384615385 1.6143937996701
5.9591836734694 1.4615384615385 1.6243067528799
6.1428571428571 1.4615384615385 1.6302023715586
6.3265306122449 1.4615384615385 1.6229110219474
6.5102040816327 1.4615384615385 1.6037369027058
6.6938775510204 1.4615384615385 1.5918792120637
6.8775510204082 1.4615384615385 1.5943177879201
7.0612244897959 1.4615384615385 1.5912462918316
7.2448979591837 1.4615384615385 1.5747654885286
7.4285714285714 1.4615384615385 1.5645141300265
7.6122448979592 1.4615384615385 1.5711419073966
7.7959183673469 1.4615384615385 1.5836072091594
7.9795918367347 1.4615384615385 1.5918382304555
8.1632653061224 1.4615384615385 1.5999372939297
8.3469387755102 1.4615384615385 1.6127145667151
8.530612244898 1.4615384615385 1.6217633908733
8.7142857142857 1.4615384615385 1.6203085943896
8.8979591836735 1.4615384615385 1.6039021132441
9.0816326530612 1.4615384615385 1.5881245997116
9.265306122449 1.4615384615385 1.5899795616936
9.4489795918367 1.4615384615385 1.5922085053009
9.6326530612245 1.4615384615385 1.597410743864
9.8163265306122 1.4615384615385 1.5992897224951
10 1.4615384615385 1.5940957925256
1 1.6923076923077 1.6016704394266
1.1836734693878 1.6923076923077 1.5946148927767
1.3673469387755 1.6923076923077 1.5792482898602
1.5510204081633 1.6923076923077 1.5649545595075
1.734693877551 1.6923076923077 1.5821142990139
1.9183673469388 1.6923076923077 1.5913496472213
2.1020408163265 1.6923076923077 1.5956631144699
2.2857142857143 1.6923076923077 1.5934460032118
2.469387755102 1.6923076923077 1.5812837974618
2.6530612244898 1.6923076923077 1.5897970207069
2.8367346938776 1.6923076923077 1.6147254059791
3.0204081632653 1.6923076923077 1.6293946304352
3.2040816326531 1.6923076923077 1.6292715755699
3.3877551020408 1.6923076923077 1.6221857218762
3.5714285714286 1.6923076923077 1.6144627529186
3.7551020408163 1.6923076923077 1.6024979880695
3.9387755102041 1.6923076923077 1.5932487711613
4.1224489795918 1.6923076923077 1.6023730567338
4.3061224489796 1.6923076923077 1.6165081719212
4.4897959183673 1.6923076923077 1.6139743807176
4.6734693877551 1.6923076923077 1.6000795800423
4.8571428571429 1.6923076923077 1.5867878997716
5.0408163265306 1.6923076923077 1.5768952248049
5.2244897959184 1.6923076923077 1.5723376923494
5.4081632653061 1.6923076923077 1.5764372869042
5.5918367346939 1.6923076923077 1.5872247763668
5.7755102040816 1.6923076923077 1.5978574694792
5.9591836734694 1.6923076923077 1.6050960012658
6.1428571428571 1.6923076923077 1.6068048542677
6.3265306122449 1.6923076923077 1.5985578813207
6.5102040816327 1.6923076923077 1.5846678235655
6.6938775510204 1.6923076923077 1.5811052953053
6.8775510204082 1.6923076923077 1.5899482366614
7.0612244897959 1.6923076923077 1.5905189160465
7.2448979591837 1.6923076923077 1.5768049541787
7.4285714285714 1.6923076923077 1.5694159361033
7.6122448979592 1.6923076923077 1.5790439806703
7.7959183673469 1.6923076923077 1.5944452583321
7.9795918367347 1.6923076923077 1.6045933374244
8.1632653061224 1.6923076923077 1.612722125495
8.3469387755102 1.6923076923077 1.6232158129033
8.530612244898 1.6923076923077 1.6239668535099
8.7142857142857 1.6923076923077 1.6142640257928
8.8979591836735 1.6923076923077 1.603001314954
9.0816326530612 1.6923076923077 1.5931502833282
9.265306122449 1.6923076923077 1.5971373647123
9.4489795918367 1.6923076923077 1.6012276394212
9.6326530612245 1.6923076923077 1.6071639212561
9.8163265306122 1.6923076923077 1.6081899597277
10 1.6923076923077 1.6031412619808
1 1.9230769230769 1.5988281751289
1.1836734693878 1.9230769230769 1.5872436574713
1.3673469387755 1.9230769230769 1.5630679306466
1.5510204081633 1.9230769230769 1.5614302697327
1.734693877551 1.9230769230769 1.5782018841906
1.9183673469388 1.9230769230769 1.5870177384636
2.1020408163265 1.9230769230769 1.6036861357051
2.2857142857143 1.9230769230769 1.6106934765755
2.469387755102 1.9230769230769 1.5949682811988
2.6530612244898 1.9230769230769 1.5864374774842
2.8367346938776 1.9230769230769 1.5996159217171
3.0204081632653 1.9230769230769 1.620013308675
3.2040816326531 1.9230769230769 1.6263524702493
3.3877551020408 1.9230769230769 1.61289634747
3.5714285714286 1.9230769230769 1.5941180357567
3.7551020408163 1.9230769230769 1.5828682864789
3.9387755102041 1.9230769230769 1.5863267068522
4.1224489795918 1.9230769230769 1.6010981268561
4.3061224489796 1.9230769230769 1.6107777390165
4.4897959183673 1.9230769230769 1.608840302046
4.6734693877551 1.9230769230769 1.6028559218519
4.8571428571429 1.9230769230769 1.5969903643751
5.0408163265306 1.9230769230769 1.5904533816906
5.2244897959184 1.9230769230769 1.5840306460454
5.4081632653061 1.9230769230769 1.5821294246823
5.5918367346939 1.9230769230769 1.5877693224054
5.7755102040816 1.9230769230769 1.5947474838863
5.9591836734694 1.9230769230769 1.5945736750582
6.1428571428571 1.9230769230769 1.5889198068296
6.3265306122449 1.9230769230769 1.5834576555851
6.5102040816327 1.9230769230769 1.5793909782644
6.6938775510204 1.9230769230769 1.5815157417477
6.8775510204082 1.9230769230769 1.5917971443595
7.0612244897959 1.9230769230769 1.5975008151845
7.2448979591837 1.9230769230769 1.5927811167368
7.4285714285714 1.9230769230769 1.5892734021056
7.6122448979592 1.9230769230769 1.5937187327317
7.7959183673469 1.9230769230769 1.6020934405221
7.9795918367347 1.9230769230769 1.6109774158237
8.1632653061224 1.9230769230769 1.6209409187625
8.3469387755102 1.9230769230769 1.6274030546689
8.530612244898 1.9230769230769 1.6173941117815
8.7142857142857 1.9230769230769 1.6026961061105
8.8979591836735 1.9230769230769 1.6020520116443
9.0816326530612 1.9230769230769 1.6014244310644
9.265306122449 1.9230769230769 1.5996099723563
9.4489795918367 1.9230769230769 1.6065847400216
9.6326530612245 1.9230769230769 1.6139816643367
9.8163265306122 1.9230769230769 1.6084914313507
10 1.9230769230769 1.6002454971655
1 2.1538461538462 1.5901741033943
1.1836734693878 2.1538461538462 1.5704040456228
1.3673469387755 2.1538461538462 1.5541566126262
1.5510204081633 2.1538461538462 1.5618894637908
1.734693877551 2.1538461538462 1.5811937585791
1.9183673469388 2.1538461538462 1.5993714234643
2.1020408163265 2.1538461538462 1.6146139258306
2.2857142857143 2.1538461538462 1.6171877100353
2.469387755102 2.1538461538462 1.6064447540065
2.6530612244898 2.1538461538462 1.5939989050041
2.8367346938776 2.1538461538462 1.5951425619368
3.0204081632653 2.1538461538462 1.61208255674
3.2040816326531 2.1538461538462 1.6181005113479
3.3877551020408 2.1538461538462 1.597131868983
3.5714285714286 2.1538461538462 1.5762837666732
3.7551020408163 2.1538461538462 1.5763384780603
3.9387755102041 2.1538461538462 1.5894843758492
4.1224489795918 2.1538461538462 1.6019531563275
4.3061224489796 2.1538461538462 1.6087880956135
4.4897959183673 2.1538461538462 1.6103499358642
4.6734693877551 2.1538461538462 1.6077820654005
4.8571428571429 2.1538461538462 1.604601653941
5.0408163265306 2.1538461538462 1.6018809799375
5.2244897959184 2.1538461538462 1.5950034178093
5.4081632653061 2.1538461538462 1.5873763456453
5.5918367346939 2.1538461538462 1.5900312033954
5.7755102040816 2.1538461538462 1.5962854046152
5.9591836734694 2.1538461538462 1.5903298051367
6.1428571428571 2.1538461538462 1.5815953924539
6.3265306122449 2.1538461538462 1.5861560243515
6.5102040816327 2.1538461538462 1.592126463172
6.6938775510204 2.1538461538462 1.5893931373261
6.8775510204082 2.1538461538462 1.5920440172534
7.0612244897959 2.1538461538462 1.6038476220606
7.2448979591837 2.1538461538462 1.6131825695357
7.4285714285714 2.1538461538462 1.6164224833358
7.6122448979592 2.1538461538462 1.6141210805054
7.7959183673469 2.1538461538462 1.6085425353311
7.9795918367347 2.1538461538462 1.6087538335162
8.1632653061224 2.1538461538462 1.6184708360972
8.3469387755102 2.1538461538462 1.6222592798095
8.530612244898 2.1538461538462 1.607428013748
8.7142857142857 2.1538461538462 1.5930063921018
8.8979591836735 2.1538461538462 1.5988340083996
9.0816326530612 2.1538461538462 1.6107087283777
9.265306122449 2.1538461538462 1.6129346586909
9.4489795918367 2.1538461538462 1.6106987210361
9.6326530612245 2.1538461538462 1.6131807173937
9.8163265306122 2.1538461538462 1.6079764580739
10 2.1538461538462 1.5947213509146
1 2.3846153846154 1.6042214632032
1.1836734693878 2.3846153846154 1.584110976388
1.3673469387755 2.3846153846154 1.5674552743439
1.5510204081633 2.3846153846154 1.5791573329848
1.734693877551 2.3846153846154 1.6068376886603
1.9183673469388 2.3846153846154 1.6202099965166
2.1020408163265 2.3846153846154 1.6129392471571
2.2857142857143 2.3846153846154 1.605068556555
2.469387755102 2.3846153846154 1.6036282972415
2.6530612244898 2.3846153846154 1.6034002156236
2.8367346938776 2.3846153846154 1.6045793188235
3.0204081632653 2.3846153846154 1.6082390380241
3.2040816326531 2.3846153846154 1.6017034229716
3.3877551020408 2.3846153846154 1.5801169292142
3.5714285714286 2.3846153846154 1.5701410927615
3.7551020408163 2.3846153846154 1.579170153317
3.9387755102041 2.3846153846154 1.5885502305848
4.1224489795918 2.3846153846154 1.5944352166805
4.3061224489796 2.3846153846154 1.6008981256697
4.4897959183673 2.3846153846154 1.6049668257428
4.6734693877551 2.3846153846154 1.6053794583119
4.8571428571429 2.3846153846154 1.605432000789
5.0408163265306 2.3846153846154 1.6039486483465
5.2244897959184 2.3846153846154 1.5972483504324
5.4081632653061 2.3846153846154 1.5910844555831
5.5918367346939 2.3846153846154 1.5926558308926
5.7755102040816 2.3846153846154 1.594449993205
5.9591836734694 2.3846153846154 1.5877599841568
6.1428571428571 2.3846153846154 1.5832789376544
6.3265306122449 2.3846153846154 1.5926489180636
6.5102040816327 2.3846153846154 1.6016063349587
6.6938775510204 2.3846153846154 1.5970549748123
6.8775510204082 2.3846153846154 1.5941700845539
7.0612244897959 2.3846153846154 1.6056041730631
7.2448979591837 2.3846153846154 1.621171303409
7.4285714285714 2.3846153846154 1.6282351475494
7.6122448979592 2.3846153846154 1.6244188923288
7.7959183673469 2.3846153846154 1.6148820215342
7.9795918367347 2.3846153846154 1.6125161406384
8.1632653061224 2.3846153846154 1.6208792767682
8.3469387755102 2.3846153846154 1.6231743003735
8.530612244898 2.3846153846154 1.6109549718526
8.7142857142857 2.3846153846154 1.5959859418346
8.8979591836735 2.3846153846154 1.594997349489
9.0816326530612 2.3846153846154 1.6064041050114
9.265306122449 2.3846153846154 1.61733947837
9.4489795918367 2.3846153846154 1.6176171546079
9.6326530612245 2.3846153846154 1.6097121203152
9.8163265306122 2.3846153846154 1.6076798663594
10 2.3846153846154 1.607085814843
1 2.6153846153846 1.6029960956332
1.1836734693878 2.6153846153846 1.59605829314
1.3673469387755 2.6153846153846 1.5893272640565
1.5510204081633 2.6153846153846 1.5995740387716
1.734693877551 2.6153846153846 1.6194741876883
1.9183673469388 2.6153846153846 1.6228959112499
2.1020408163265 2.6153846153846 1.6073622175809
2.2857142857143 2.6153846153846 1.5979954034852
2.469387755102 2.6153846153846 1.6033454989962
2.6530612244898 2.6153846153846 1.6098177251487
2.8367346938776 2.6153846153846 1.6108616022215
3.0204081632653 2.6153846153846 1.6096111857285
3.2040816326531 2.6153846153846 1.5995488902902
3.3877551020408 2.6153846153846 1.5788719254223
3.5714285714286 2.6153846153846 1.5721032615108
3.7551020408163 2.6153846153846 1.585790601655
3.9387755102041 2.6153846153846 1.5966251078607
4.1224489795918 2.6153846153846 1.5982429448502
4.3061224489796 2.6153846153846 1.5973114160767
4.4897959183673 2.6153846153846 1.5943271397671
4.6734693877551 2.6153846153846 1.5939030851888
4.8571428571429 2.6153846153846 1.6015118867052
5.0408163265306 2.6153846153846 1.6067583605857
5.2244897959184 2.6153846153846 1.5993480037982
5.4081632653061 2.6153846153846 1.5907701101058
5.5918367346939 2.6153846153846 1.5920674528271
5.7755102040816 2.6153846153846 1.5962965378023
5.9591836734694 2.6153846153846 1.5955091287553
6.1428571428571 2.6153846153846 1.5927464206574
6.3265306122449 2.6153846153846 1.5964076728611
6.5102040816327 2.6153846153846 1.6042745072826
6.6938775510204 2.6153846153846 1.6064562299749
6.8775510204082 2.6153846153846 1.6050409275719
7.0612244897959 2.6153846153846 1.608606020547
7.2448979591837 2.6153846153846 1.6150115793255
7.4285714285714 2.6153846153846 1.6150004007877
7.6122448979592 2.6153846153846 1.6089602093745
7.7959183673469 2.6153846153846 1.6071720164461
7.9795918367347 2.6153846153846 1.6154045189691
8.1632653061224 2.6153846153846 1.6232447267389
8.3469387755102 2.6153846153846 1.6187987758625
8.530612244898 2.6153846153846 1.6106762671458
8.7142857142857 2.6153846153846 1.6052381385375
8.8979591836735 2.6153846153846 1.6002748440475
9.0816326530612 2.6153846153846 1.5984413622561
9.265306122449 2.6153846153846 1.6023147272727
9.4489795918367 2.6153846153846 1.6076379513502
9.6326530612245 2.6153846153846 1.6059456537184
9.8163265306122 2.6153846153846 1.6038109420292
10 2.6153846153846 1.6041391904533
1 2.8461538461538 1.5966515816172
1.1836734693878 2.8461538461538 1.5954204895057
1.3673469387755 2.8461538461538 1.5895947589106
1.5510204081633 2.8461538461538 1.5965724335108
1.734693877551 2.8461538461538 1.6145730633686
1.9183673469388 2.8461538461538 1.6198542452433
2.1020408163265 2.8461538461538 1.6084432034266
2.2857142857143 2.8461538461538 1.6023963161441
2.469387755102 2.8461538461538 1.6116853740939
2.6530612244898 2.8461538461538 1.6201108318547
2.8367346938776 2.8461538461538 1.6182102573163
3.0204081632653 2.8461538461538 1.6113799867797
3.2040816326531 2.8461538461538 1.6005455268609
3.3877551020408 2.8461538461538 1.5877490928197
3.5714285714286 2.8461538461538 1.5886259760173
3.7551020408163 2.8461538461538 1.6049659424334
3.9387755102041 2.8461538461538 1.6156105282169
4.1224489795918 2.8461538461538 1.6129931413585
4.3061224489796 2.8461538461538 1.6058050062196
4.4897959183673 2.8461538461538 1.5975638969226
4.6734693877551 2.8461538461538 1.5922980811942
4.8571428571429 2.8461538461538 1.5977582669521
5.0408163265306 2.8461538461538 1.6053769572253
5.2244897959184 2.8461538461538 1.6019133850266
5.4081632653061 2.8461538461538 1.5949761311711
5.5918367346939 2.8461538461538 1.5941934805777
5.7755102040816 2.8461538461538 1.5974652125285
5.9591836734694 2.8461538461538 1.6028224535478
6.1428571428571 2.8461538461538 1.6075680496054
6.3265306122449 2.8461538461538 1.6098675598717
6.5102040816327 2.8461538461538 1.6112702320161
6.6938775510204 2.8461538461538 1.6109515460357
6.8775510204082 2.8461538461538 1.6085716826574
7.0612244897959 2.8461538461538 1.6067811764704
7.2448979591837 2.8461538461538 1.6043160228065
7.4285714285714 2.8461538461538 1.5963298488448
7.6122448979592 2.8461538461538 1.5906667582094
7.7959183673469 2.8461538461538 1.6009326785848
7.9795918367347 2.8461538461538 1.6171064799771
8.1632653061224 2.8461538461538 1.6156973029731
8.3469387755102 2.8461538461538 1.5993480608142
8.530612244898 2.8461538461538 1.5951631911322
8.7142857142857 2.8461538461538 1.6081857240243
8.8979591836735 2.8461538461538 1.6137138318789
9.0816326530612 2.8461538461538 1.6009665784384
9.265306122449 2.8461538461538 1.5870043615098
9.4489795918367 2.8461538461538 1.5896370515097
9.6326530612245 2.8461538461538 1.5971905527662
9.8163265306122 2.8461538461538 1.5981103123827
10 2.8461538461538 1.5966113714069
1 3.0769230769231 1.6017202047202
1.1836734693878 3.0769230769231 1.5971629823587
1.3673469387755 3.0769230769231 1.5882328550333
1.5510204081633 3.0769230769231 1.5912667679447
1.734693877551 3.0769230769231 1.6077011722594
1.9183673469388 3.0769230769231 1.6157660008974
2.1020408163265 3.0769230769231 1.6117468056164
2.2857142857143 3.0769230769231 1.6108233509483
2.469387755102 3.0769230769231 1.6186614279842
2.6530612244898 3.0769230769231 1.6244542057883
2.8367346938776 3.0769230769231 1.6222737075024
3.0204081632653 3.0769230769231 1.6138719322169
3.2040816326531 3.0769230769231 1.6035621774438
3.3877551020408 3.0769230769231 1.597572336953
3.5714285714286 3.0769230769231 1.6023611419802
3.7551020408163 3.0769230769231 1.6166616405011
3.9387755102041 3.0769230769231 1.6272383140433
4.1224489795918 3.0769230769231 1.62736878178
4.3061224489796 3.0769230769231 1.6229838873939
4.4897959183673 3.0769230769231 1.6153749715965
4.6734693877551 3.0769230769231 1.6056405431246
4.8571428571429 3.0769230769231 1.6027299964822
5.0408163265306 3.0769230769231 1.6056369101424
5.2244897959184 3.0769230769231 1.6038411618026
5.4081632653061 3.0769230769231 1.5981931873544
5.5918367346939 3.0769230769231 1.5955763014745
5.7755102040816 3.0769230769231 1.5984520041957
5.9591836734694 3.0769230769231 1.6091093648358
6.1428571428571 3.0769230769231 1.6226100489333
6.3265306122449 3.0769230769231 1.6259411743709
6.5102040816327 3.0769230769231 1.617526520178
6.6938775510204 3.0769230769231 1.6078669661818
6.8775510204082 3.0769230769231 1.6020834797782
7.0612244897959 3.0769230769231 1.5978880911083
7.2448979591837 3.0769230769231 1.5915700593959
7.4285714285714 3.0769230769231 1.5860829772532
7.6122448979592 3.0769230769231 1.5984481460822
7.7959183673469 3.0769230769231 1.6259901263461
7.9795918367347 3.0769230769231 1.6318678810983
8.1632653061224 3.0769230769231 1.6067122836689
8.3469387755102 3.0769230769231 1.5824124856123
8.530612244898 3.0769230769231 1.5812176793486
8.7142857142857 3.0769230769231 1.5989875793459
8.8979591836735 3.0769230769231 1.6153440207853
9.0816326530612 3.0769230769231 1.6090357168876
9.265306122449 3.0769230769231 1.5820887399431
9.4489795918367 3.0769230769231 1.5671082246623
9.6326530612245 3.0769230769231 1.5787648965651
9.8163265306122 3.0769230769231 1.5964889866964
10 3.0769230769231 1.6019844917148
1 3.3076923076923 1.6093824276561
1.1836734693878 3.3076923076923 1.5976970660507
1.3673469387755 3.3076923076923 1.588163358887
1.5510204081633 3.3076923076923 1.5901699587664
1.734693877551 3.3076923076923 1.6033245755513
1.9183673469388 3.3076923076923 1.610847616932
2.1020408163265 3.3076923076923 1.6115661085993
2.2857142857143 3.3076923076923 1.6136382364091
2.469387755102 3.3076923076923 1.6161841533993
2.6530612244898 3.3076923076923 1.6179445417436
2.8367346938776 3.3076923076923 1.6205609171633
3.0204081632653 3.3076923076923 1.6171992511915
3.2040816326531 3.3076923076923 1.6065267940143
3.3877551020408 3.3076923076923 1.5987404748944
3.5714285714286 3.3076923076923 1.6010229019892
3.7551020408163 3.3076923076923 1.6123584808325
3.9387755102041 3.3076923076923 1.6254414389232
4.1224489795918 3.3076923076923 1.6323543072745
4.3061224489796 3.3076923076923 1.6326272811395
4.4897959183673 3.3076923076923 1.6282029126339
4.6734693877551 3.3076923076923 1.6204466925184
4.8571428571429 3.3076923076923 1.6130013356716
5.0408163265306 3.3076923076923 1.6071568873466
5.2244897959184 3.3076923076923 1.6010970571541
5.4081632653061 3.3076923076923 1.5952021448103
5.5918367346939 3.3076923076923 1.5928748609632
5.7755102040816 3.3076923076923 1.5967277280953
5.9591836734694 3.3076923076923 1.610387390537
6.1428571428571 3.3076923076923 1.6298545882814
6.3265306122449 3.3076923076923 1.6348330096885
6.5102040816327 3.3076923076923 1.6186486274267
6.6938775510204 3.3076923076923 1.6013175572234
6.8775510204082 3.3076923076923 1.5948761895589
7.0612244897959 3.3076923076923 1.5911199694088
7.2448979591837 3.3076923076923 1.5831464205282
7.4285714285714 3.3076923076923 1.587729235272
7.6122448979592 3.3076923076923 1.6256979667722
7.7959183673469 3.3076923076923 1.6605287481514
7.9795918367347 3.3076923076923 1.6413708995115
8.1632653061224 3.3076923076923 1.5984568785525
8.3469387755102 3.3076923076923 1.5809411199726
8.530612244898 3.3076923076923 1.5827257222741
8.7142857142857 3.3076923076923 1.5901378969571
8.8979591836735 3.3076923076923 1.6046025739298
9.0816326530612 3.3076923076923 1.6107222610962
9.265306122449 3.3076923076923 1.5873851726219
9.4489795918367 3.3076923076923 1.5568569466936
9.6326530612245 3.3076923076923 1.5643857710032
9.8163265306122 3.3076923076923 1.5976117476315
10 3.3076923076923 1.6109054302561
1 3.5384615384615 1.6143061595088
1.1836734693878 3.5384615384615 1.5979695127373
1.3673469387755 3.5384615384615 1.5895858295047
1.5510204081633 3.5384615384615 1.5925511813547
1.734693877551 3.5384615384615 1.6015123879953
1.9183673469388 3.5384615384615 1.6072341281042
2.1020408163265 3.5384615384615 1.609622558395
2.2857142857143 3.5384615384615 1.6116900155831
2.469387755102 3.5384615384615 1.6084282478696
2.6530612244898 3.5384615384615 1.6052628673853
2.8367346938776 3.5384615384615 1.6118687577177
3.0204081632653 3.5384615384615 1.6161452112615
3.2040816326531 3.5384615384615 1.6061341920363
3.3877551020408 3.5384615384615 1.5908686551415
3.5714285714286 3.5384615384615 1.5844436726729
3.7551020408163 3.5384615384615 1.5906688801471
3.9387755102041 3.5384615384615 1.6035619180028
4.1224489795918 3.5384615384615 1.612278078814
4.3061224489796 3.5384615384615 1.6128042767275
4.4897959183673 3.5384615384615 1.6136456535225
4.6734693877551 3.5384615384615 1.617738662996
4.8571428571429 3.5384615384615 1.6178790295955
5.0408163265306 3.5384615384615 1.6115181406777
5.2244897959184 3.5384615384615 1.6048074892092
5.4081632653061 3.5384615384615 1.6000356073468
5.5918367346939 3.5384615384615 1.5953196914705
5.7755102040816 3.5384615384615 1.5923402041183
5.9591836734694 3.5384615384615 1.5989316065607
6.1428571428571 3.5384615384615 1.6153860904359
6.3265306122449 3.5384615384615 1.6227760825217
6.5102040816327 3.5384615384615 1.6115575790529
6.6938775510204 3.5384615384615 1.5989936936406
6.8775510204082 3.5384615384615 1.5969477279347
7.0612244897959 3.5384615384615 1.594005175999
7.2448979591837 3.5384615384615 1.5836373050447
7.4285714285714 3.5384615384615 1.5959041433022
7.6122448979592 3.5384615384615 1.6463626824643
7.7959183673469 3.5384615384615 1.6731419523991
7.9795918367347 3.5384615384615 1.6351595243069
8.1632653061224 3.5384615384615 1.5941423213899
8.3469387755102 3.5384615384615 1.5928093207436
8.530612244898 3.5384615384615 1.5983722176244
8.7142857142857 3.5384615384615 1.5950738274571
8.8979591836735 3.5384615384615 1.6008643461484
9.0816326530612 3.5384615384615 1.6127778796984
9.265306122449 3.5384615384615 1.5989369760938
9.4489795918367 3.5384615384615 1.5612683021728
9.6326530612245 3.5384615384615 1.5575390233229
9.8163265306122 3.5384615384615 1.5957290947846
10 3.5384615384615 1.6161410044397
1 3.7692307692308 1.6183549349123
1.1836734693878 3.7692307692308 1.5992463729818
1.3673469387755 3.7692307692308 1.5917042727745
1.5510204081633 3.7692307692308 1.5943455971205
1.734693877551 3.7692307692308 1.5992815880048
1.9183673469388 3.7692307692308 1.6035893981462
2.1020408163265 3.7692307692308 1.6070550049495
2.2857142857143 3.7692307692308 1.6081166542493
2.469387755102 3.7692307692308 1.6047451183601
2.6530612244898 3.7692307692308 1.603346041832
2.8367346938776 3.7692307692308 1.6105097391917
3.0204081632653 3.7692307692308 1.6150267206517
3.2040816326531 3.7692307692308 1.6052004748276
3.3877551020408 3.7692307692308 1.5869028076086
3.5714285714286 3.7692307692308 1.574999950744
3.7551020408163 3.7692307692308 1.5738212792801
3.9387755102041 3.7692307692308 1.5759154114658
4.1224489795918 3.7692307692308 1.5747577111048
4.3061224489796 3.7692307692308 1.5714725285908
4.4897959183673 3.7692307692308 1.5779556434609
4.6734693877551 3.7692307692308 1.5972379238302
4.8571428571429 3.7692307692308 1.6133828857444
5.0408163265306 3.7692307692308 1.6165855849745
5.2244897959184 3.7692307692308 1.6132019324053
5.4081632653061 3.7692307692308 1.6090351814753
5.5918367346939 3.7692307692308 1.6009592907023
5.7755102040816 3.7692307692308 1.589511133812
5.9591836734694 3.7692307692308 1.5845392845115
6.1428571428571 3.7692307692308 1.5894608969213
6.3265306122449 3.7692307692308 1.5949929175982
6.5102040816327 3.7692307692308 1.5964111005494
6.6938775510204 3.7692307692308 1.599321233983
6.8775510204082 3.7692307692308 1.6048214414991
7.0612244897959 3.7692307692308 1.6000273948187
7.2448979591837 3.7692307692308 1.5839012150116
7.4285714285714 3.7692307692308 1.5965836703121
7.6122448979592 3.7692307692308 1.6480761940474
7.7959183673469 3.7692307692308 1.6665226301555
7.9795918367347 3.7692307692308 1.6233892880578
8.1632653061224 3.7692307692308 1.5913570177987
8.3469387755102 3.7692307692308 1.6032356641356
8.530612244898 3.7692307692308 1.6140407140438
8.7142857142857 3.7692307692308 1.6067406842997
8.8979591836735 3.7692307692308 1.6058601376775
9.0816326530612 3.7692307692308 1.6191694755194
9.265306122449 3.7692307692308 1.6121906889849
9.4489795918367 3.7692307692308 1.5710151736365
9.6326530612245 3.7692307692308 1.5572913297491
9.8163265306122 3.7692307692308 1.595740966557
10 3.7692307692308 1.6204124047206
1 4 1.622892379761
1.1836734693878 4 1.6019096301529
1.3673469387755 4 1.5938305108726
1.5510204081633 4 1.5949572089576
1.734693877551 4 1.5966539480247
1.9183673469388 4 1.5974006823131
2.1020408163265 4 1.5991751150208
2.2857142857143 4 1.6000425247917
2.469387755102 4 1.6026856185627
2.6530612244898 4 1.6102603438757
2.8367346938776 4 1.6183798994334
3.0204081632653 4 1.6188192918995
3.2040816326531 4 1.6098143235355
3.3877551020408 4 1.5981556274451
3.5714285714286 4 1.5904195024855
3.7551020408163 4 1.5817270287041
3.9387755102041 4 1.5654581306742
4.1224489795918 4 1.5486106953652
4.3061224489796 4 1.5386845611392
4.4897959183673 4 1.5388854523092
4.6734693877551 4 1.5554409302824
4.8571428571429 4 1.5818389767695
5.0408163265306 4 1.5968928118143
5.2244897959184 4 1.5988392943428
5.4081632653061 4 1.5976386321643
5.5918367346939 4 1.5958554541984
5.7755102040816 4 1.5915233642878
5.9591836734694 4 1.5861782370781
6.1428571428571 4 1.5823432604472
6.3265306122449 4 1.5833196729222
6.5102040816327 4 1.5915504256076
6.6938775510204 4 1.6022059552522
6.8775510204082 4 1.6061610697081
7.0612244897959 4 1.5940252558716
7.2448979591837 4 1.5711278380179
7.4285714285714 4 1.5789614632016
7.6122448979592 4 1.6283898199495
7.7959183673469 4 1.6497201538412
7.9795918367347 4 1.6133303423317
8.1632653061224 4 1.5863484857843
8.3469387755102 4 1.6006080836664
8.530612244898 4 1.6148010589639
8.7142857142857 4 1.6107565618694
8.8979591836735 4 1.6107605030749
9.0816326530612 4 1.6265812325637
9.265306122449 4 1.6229347898846
9.4489795918367 4 1.5816967527881
9.6326530612245 4 1.5663919108253
9.8163265306122 4 1.6030371343199
10 4 1.6256833871203
1 4.2307692307692 1.6235052041519
1.1836734693878 4.2307692307692 1.6041018068324
1.3673469387755 4.2307692307692 1.5963017095887
1.5510204081633 4.2307692307692 1.5949059858926
1.734693877551 4.2307692307692 1.5921072767769
1.9183673469388 4.2307692307692 1.588310367895
2.1020408163265 4.2307692307692 1.5887473194717
2.2857142857143 4.2307692307692 1.5905314937178
2.469387755102 4.2307692307692 1.5969609291625
2.6530612244898 4.2307692307692 1.6102009216318
2.8367346938776 4.2307692307692 1.6220832803623
3.0204081632653 4.2307692307692 1.624260167125
3.2040816326531 4.2307692307692 1.620222414806
3.3877551020408 4.2307692307692 1.616427615324
3.5714285714286 4.2307692307692 1.6081276036006
3.7551020408163 4.2307692307692 1.5857073237672
3.9387755102041 4.2307692307692 1.5535531976595
4.1224489795918 4.2307692307692 1.5291702960686
4.3061224489796 4.2307692307692 1.5152186178399
4.4897959183673 4.2307692307692 1.5006546024125
4.6734693877551 4.2307692307692 1.4948333053919
4.8571428571429 4.2307692307692 1.5161004952895
5.0408163265306 4.2307692307692 1.5471672745417
5.2244897959184 4.2307692307692 1.5658894682481
5.4081632653061 4.2307692307692 1.5762419463574
5.5918367346939 4.2307692307692 1.5876102810565
5.7755102040816 4.2307692307692 1.5994824481718
5.9591836734694 4.2307692307692 1.6031704212223
6.1428571428571 4.2307692307692 1.598897161501
6.3265306122449 4.2307692307692 1.5974841288784
6.5102040816327 4.2307692307692 1.6044363719139
6.6938775510204 4.2307692307692 1.6101525644553
6.8775510204082 4.2307692307692 1.6041437646345
7.0612244897959 4.2307692307692 1.5848336670178
7.2448979591837 4.2307692307692 1.5582339748044
7.4285714285714 4.2307692307692 1.5550593115911
7.6122448979592 4.2307692307692 1.5940780834899
7.7959183673469 4.2307692307692 1.6254260846298
7.9795918367347 4.2307692307692 1.6073824163509
8.1632653061224 4.2307692307692 1.5816994785075
8.3469387755102 4.2307692307692 1.5870417731399
8.530612244898 4.2307692307692 1.6018091571822
8.7142857142857 4.2307692307692 1.6076801700907
8.8979591836735 4.2307692307692 1.6165553983876
9.0816326530612 4.2307692307692 1.6316772297623
9.265306122449 4.2307692307692 1.6219448166824
9.4489795918367 4.2307692307692 1.5851524103877
9.6326530612245 4.2307692307692 1.5802888370571
9.8163265306122 4.2307692307692 1.613554508695
10 4.2307692307692 1.6272421586209
1 4.4615384615385 1.6177847752204
1.1836734693878 4.4615384615385 1.6041366849999
1.3673469387755 4.4615384615385 1.5988295096994
1.5510204081633 4.4615384615385 1.5947343898905
1.734693877551 4.4615384615385 1.5870626970216
1.9183673469388 4.4615384615385 1.5804706684649
2.1020408163265 4.4615384615385 1.582518232112
2.2857142857143 4.4615384615385 1.5875568756688
2.469387755102 4.4615384615385 1.5949915956292
2.6530612244898 4.4615384615385 1.6101534377834
2.8367346938776 4.4615384615385 1.6276236205498
3.0204081632653 4.4615384615385 1.6341919730556
3.2040816326531 4.4615384615385 1.6311517996918
3.3877551020408 4.4615384615385 1.6215361411007
3.5714285714286 4.4615384615385 1.5937613746623
3.7551020408163 4.4615384615385 1.5471322826537
3.9387755102041 4.4615384615385 1.5031991193958
4.1224489795918 4.4615384615385 1.4816835269073
4.3061224489796 4.4615384615385 1.4718332898863
4.4897959183673 4.4615384615385 1.4528690415611
4.6734693877551 4.4615384615385 1.4355054736322
4.8571428571429 4.4615384615385 1.4510069744926
5.0408163265306 4.4615384615385 1.4985128620544
5.2244897959184 4.4615384615385 1.5465064398722
5.4081632653061 4.4615384615385 1.5759638102503
5.5918367346939 4.4615384615385 1.5964803497308
5.7755102040816 4.4615384615385 1.6146867340738
5.9591836734694 4.4615384615385 1.6219589165651
6.1428571428571 4.4615384615385 1.6160699207705
6.3265306122449 4.4615384615385 1.6117866636258
6.5102040816327 4.4615384615385 1.6155010257827
6.6938775510204 4.4615384615385 1.615805283446
6.8775510204082 4.4615384615385 1.6058239193879
7.0612244897959 4.4615384615385 1.5887142470344
7.2448979591837 4.4615384615385 1.564864576705
7.4285714285714 4.4615384615385 1.5467492656394
7.6122448979592 4.4615384615385 1.5587219413449
7.7959183673469 4.4615384615385 1.5898959466391
7.9795918367347 4.4615384615385 1.5982633804788
8.1632653061224 4.4615384615385 1.5821264901755
8.3469387755102 4.4615384615385 1.576631385827
8.530612244898 4.4615384615385 1.5899626525639
8.7142857142857 4.4615384615385 1.6076878924946
8.8979591836735 4.4615384615385 1.6222595099937
9.0816326530612 4.4615384615385 1.6242071811222
9.265306122449 4.4615384615385 1.6030050467471
9.4489795918367 4.4615384615385 1.5817709221755
9.6326530612245 4.4615384615385 1.5946176169994
9.8163265306122 4.4615384615385 1.6199026032932
10 4.4615384615385 1.6218770559016
1 4.6923076923077 1.6096145953891
1.1836734693878 4.6923076923077 1.6035667005977
1.3673469387755 4.6923076923077 1.6011585642193
1.5510204081633 4.6923076923077 1.5960540878779
1.734693877551 4.6923076923077 1.586124554284
1.9183673469388 4.6923076923077 1.5794531561703
2.1020408163265 4.6923076923077 1.5833586126892
2.2857142857143 4.6923076923077 1.5914021739153
2.469387755102 4.6923076923077 1.5998298237299
2.6530612244898 4.6923076923077 1.6161507382436
2.8367346938776 4.6923076923077 1.6375760456957
3.0204081632653 4.6923076923077 1.6439350454797
3.2040816326531 4.6923076923077 1.6318261071935
3.3877551020408 4.6923076923077 1.602136291739
3.5714285714286 4.6923076923077 1.5468413183539
3.7551020408163 4.6923076923077 1.4770987106206
3.9387755102041 4.6923076923077 1.4230446323311
4.1224489795918 4.6923076923077 1.4051708436523
4.3061224489796 4.6923076923077 1.404589876213
4.4897959183673 4.6923076923077 1.3962590453638
4.6734693877551 4.6923076923077 1.3901681306164
4.8571428571429 4.6923076923077 1.4151064620348
5.0408163265306 4.6923076923077 1.4747956296274
5.2244897959184 4.6923076923077 1.5434086909784
5.4081632653061 4.6923076923077 1.5914544523356
5.5918367346939 4.6923076923077 1.6167801676593
5.7755102040816 4.6923076923077 1.6316298475319
5.9591836734694 4.6923076923077 1.6332339355299
6.1428571428571 4.6923076923077 1.6217135413662
6.3265306122449 4.6923076923077 1.61457746357
6.5102040816327 4.6923076923077 1.6175051227032
6.6938775510204 4.6923076923077 1.6182479903315
6.8775510204082 4.6923076923077 1.6126453090504
7.0612244897959 4.6923076923077 1.6045985267402
7.2448979591837 4.6923076923077 1.5896599399426
7.4285714285714 4.6923076923077 1.5638275862612
7.6122448979592 4.6923076923077 1.5448238491572
7.7959183673469 4.6923076923077 1.556942663225
7.9795918367347 4.6923076923077 1.582328548736
8.1632653061224 4.6923076923077 1.5879908751468
8.3469387755102 4.6923076923077 1.5845068169166
8.530612244898 4.6923076923077 1.5935559129289
8.7142857142857 4.6923076923077 1.6101788719058
8.8979591836735 4.6923076923077 1.6176205482361
9.0816326530612 4.6923076923077 1.6047625092548
9.265306122449 4.6923076923077 1.5848927880882
9.4489795918367 4.6923076923077 1.585998182768
9.6326530612245 4.6923076923077 1.605911248707
9.8163265306122 4.6923076923077 1.6168134888699
10 4.6923076923077 1.6122911862837
1 4.9230769230769 1.6019725830123
1.1836734693878 4.9230769230769 1.6029856065877
1.3673469387755 4.9230769230769 1.602532352845
1.5510204081633 4.9230769230769 1.5974516264122
1.734693877551 4.9230769230769 1.5875603465872
1.9183673469388 4.9230769230769 1.5828524647677
2.1020408163265 4.9230769230769 1.5881792427918
2.2857142857143 4.9230769230769 1.5944885648652
2.469387755102 4.9230769230769 1.5999054320503
2.6530612244898 4.9230769230769 1.6122430572328
2.8367346938776 4.9230769230769 1.6306579742426
3.0204081632653 4.9230769230769 1.6346976074607
3.2040816326531 4.9230769230769 1.6143654711515
3.3877551020408 4.9230769230769 1.567812223886
3.5714285714286 4.9230769230769 1.4951808356536
3.7551020408163 4.9230769230769 1.4152211279597
3.9387755102041 4.9230769230769 1.3597146345022
4.1224489795918 4.9230769230769 1.3429392907456
4.3061224489796 4.9230769230769 1.3441226798658
4.4897959183673 4.9230769230769 1.3445021680739
4.6734693877551 4.9230769230769 1.3525129394464
4.8571428571429 4.9230769230769 1.3872330337214
5.0408163265306 4.9230769230769 1.4498003180397
5.2244897959184 4.9230769230769 1.5251467133114
5.4081632653061 4.9230769230769 1.5882232914668
5.5918367346939 4.9230769230769 1.6232219338106
5.7755102040816 4.9230769230769 1.638422385365
5.9591836734694 4.9230769230769 1.6376191260361
6.1428571428571 4.9230769230769 1.6266446624483
6.3265306122449 4.9230769230769 1.6206920775735
6.5102040816327 4.9230769230769 1.6233673027083
6.6938775510204 4.9230769230769 1.6258428505367
6.8775510204082 4.9230769230769 1.6252745185955
7.0612244897959 4.9230769230769 1.6251516062696
7.2448979591837 4.9230769230769 1.6201938840495
7.4285714285714 4.9230769230769 1.5986559150858
7.6122448979592 4.9230769230769 1.5673252954211
7.7959183673469 4.9230769230769 1.5591092277481
7.9795918367347 4.9230769230769 1.5807805413788
8.1632653061224 4.9230769230769 1.5999670076098
8.3469387755102 4.9230769230769 1.6047897240302
8.530612244898 4.9230769230769 1.6076148317346
8.7142857142857 4.9230769230769 1.611382525046
8.8979591836735 4.9230769230769 1.6081487232946
9.0816326530612 4.9230769230769 1.5944521342943
9.265306122449 4.9230769230769 1.5873770923408
9.4489795918367 4.9230769230769 1.5983911980391
9.6326530612245 4.9230769230769 1.6082328990266
9.8163265306122 4.9230769230769 1.605744970837
10 4.9230769230769 1.6021440426505
1 5.1538461538462 1.5944573695842
1.1836734693878 5.1538461538462 1.6019028719029
1.3673469387755 5.1538461538462 1.6030001690845
1.5510204081633 5.1538461538462 1.5964439600193
1.734693877551 5.1538461538462 1.5866530851068
1.9183673469388 5.1538461538462 1.5845906536094
2.1020408163265 5.1538461538462 1.5914310405918
2.2857142857143 5.1538461538462 1.5935232704813
2.469387755102 5.1538461538462 1.5931154566247
2.6530612244898 5.1538461538462 1.5989561389717
2.8367346938776 5.1538461538462 1.610898535143
3.0204081632653 5.1538461538462 1.6130886734749
3.2040816326531 5.1538461538462 1.5893348661288
3.3877551020408 5.1538461538462 1.5342432022843
3.5714285714286 5.1538461538462 1.4543638465169
3.7551020408163 5.1538461538462 1.3781291950064
3.9387755102041 5.1538461538462 1.328738330859
4.1224489795918 5.1538461538462 1.3064998300335
4.3061224489796 5.1538461538462 1.3006467411242
4.4897959183673 5.1538461538462 1.3038614752529
4.6734693877551 5.1538461538462 1.3214237042464
4.8571428571429 5.1538461538462 1.3611317401407
5.0408163265306 5.1538461538462 1.41872144232
5.2244897959184 5.1538461538462 1.4921632997656
5.4081632653061 5.1538461538462 1.5647007709769
5.5918367346939 5.1538461538462 1.6114391762195
5.7755102040816 5.1538461538462 1.6326011859082
5.9591836734694 5.1538461538462 1.6371733468593
6.1428571428571 5.1538461538462 1.6336752005987
6.3265306122449 5.1538461538462 1.6311885707982
6.5102040816327 5.1538461538462 1.6326260089503
6.6938775510204 5.1538461538462 1.6361509082458
6.8775510204082 5.1538461538462 1.6395193826837
7.0612244897959 5.1538461538462 1.6449847779056
7.2448979591837 5.1538461538462 1.6478474409653
7.4285714285714 5.1538461538462 1.6348263523083
7.6122448979592 5.1538461538462 1.6075504700096
7.7959183673469 5.1538461538462 1.5924364661499
7.9795918367347 5.1538461538462 1.6026965381586
8.1632653061224 5.1538461538462 1.6168938691799
8.3469387755102 5.1538461538462 1.6187191924644
8.530612244898 5.1538461538462 1.6154210357876
8.7142857142857 5.1538461538462 1.6131866751138
8.8979591836735 5.1538461538462 1.6085492980726
9.0816326530612 5.1538461538462 1.6002572269604
9.265306122449 5.1538461538462 1.5992065570791
9.4489795918367 5.1538461538462 1.6054992022657
9.6326530612245 5.1538461538462 1.6024040107264
9.8163265306122 5.1538461538462 1.5927398148665
10 5.1538461538462 1.5923561132867
1 5.3846153846154 1.5870414941743
1.1836734693878 5.3846153846154 1.6002422554337
1.3673469387755 5.3846153846154 1.6031904325381
1.5510204081633 5.3846153846154 1.5941762966617
1.734693877551 5.3846153846154 1.5842705815954
1.9183673469388 5.3846153846154 1.5852791906211
2.1020408163265 5.3846153846154 1.594514109838
2.2857142857143 5.3846153846154 1.5960985500732
2.469387755102 5.3846153846154 1.5940713801349
2.6530612244898 5.3846153846154 1.5981249698848
2.8367346938776 5.3846153846154 1.6078840388109
3.0204081632653 5.3846153846154 1.6075765995505
3.2040816326531 5.3846153846154 1.5774216235215
3.3877551020408 5.3846153846154 1.5087673585492
3.5714285714286 5.3846153846154 1.4214993841918
3.7551020408163 5.3846153846154 1.3486250557241
3.9387755102041 5.3846153846154 1.2979393485075
4.1224489795918 5.3846153846154 1.2682017472828
4.3061224489796 5.3846153846154 1.2571608718931
4.4897959183673 5.3846153846154 1.2645671652726
4.6734693877551 5.3846153846154 1.2943216840486
4.8571428571429 5.3846153846154 1.3450724288223
5.0408163265306 5.3846153846154 1.4053501012377
5.2244897959184 5.3846153846154 1.4767355769797
5.4081632653061 5.3846153846154 1.5495839789549
5.5918367346939 5.3846153846154 1.5980899126226
5.7755102040816 5.3846153846154 1.6205495622132
5.9591836734694 5.3846153846154 1.6289902364066
6.1428571428571 5.3846153846154 1.6302044671095
6.3265306122449 5.3846153846154 1.6301753267702
6.5102040816327 5.3846153846154 1.6337293912326
6.6938775510204 5.3846153846154 1.6411718078958
6.8775510204082 5.3846153846154 1.6499546377653
7.0612244897959 5.3846153846154 1.6609838734991
7.2448979591837 5.3846153846154 1.6680365709161
7.4285714285714 5.3846153846154 1.6598716773396
7.6122448979592 5.3846153846154 1.6378905141247
7.7959183673469 5.3846153846154 1.6228678396773
7.9795918367347 5.3846153846154 1.6262038157664
8.1632653061224 5.3846153846154 1.6314572360365
8.3469387755102 5.3846153846154 1.6249313663903
8.530612244898 5.3846153846154 1.616203337861
8.7142857142857 5.3846153846154 1.6135481181163
8.8979591836735 5.3846153846154 1.6110016515526
9.0816326530612 5.3846153846154 1.6060058731238
9.265306122449 5.3846153846154 1.6038980037366
9.4489795918367 5.3846153846154 1.6028106163339
9.6326530612245 5.3846153846154 1.5929213438527
9.8163265306122 5.3846153846154 1.5811160673717
10 5.3846153846154 1.5832487680973
1 5.6153846153846 1.5811900206106
1.1836734693878 5.6153846153846 1.5981175418548
1.3673469387755 5.6153846153846 1.6036067024567
1.5510204081633 5.6153846153846 1.5947581453516
1.734693877551 5.6153846153846 1.5856042135951
1.9183673469388 5.6153846153846 1.5888356063957
2.1020408163265 5.6153846153846 1.6006363424441
2.2857142857143 5.6153846153846 1.605992528982
2.469387755102 5.6153846153846 1.6058776399218
2.6530612244898 5.6153846153846 1.6105420552643
2.8367346938776 5.6153846153846 1.6206785324415
3.0204081632653 5.6153846153846 1.6160491201528
3.2040816326531 5.6153846153846 1.5768880220932
3.3877551020408 5.6153846153846 1.4990241296126
3.5714285714286 5.6153846153846 1.4027401379175
3.7551020408163 5.6153846153846 1.3203553464759
3.9387755102041 5.6153846153846 1.2624495143604
4.1224489795918 5.6153846153846 1.2299181946531
4.3061224489796 5.6153846153846 1.2181286505542
4.4897959183673 5.6153846153846 1.2283279576393
4.6734693877551 5.6153846153846 1.267048242515
4.8571428571429 5.6153846153846 1.3306243677283
5.0408163265306 5.6153846153846 1.4038223357551
5.2244897959184 5.6153846153846 1.4798834675089
5.4081632653061 5.6153846153846 1.5469316776855
5.5918367346939 5.6153846153846 1.586993325387
5.7755102040816 5.6153846153846 1.6044258379548
5.9591836734694 5.6153846153846 1.6124404008202
6.1428571428571 5.6153846153846 1.6151357421946
6.3265306122449 5.6153846153846 1.6191809147456
6.5102040816327 5.6153846153846 1.6294303206732
6.6938775510204 5.6153846153846 1.6423225704755
6.8775510204082 5.6153846153846 1.6548706559468
7.0612244897959 5.6153846153846 1.6676362353677
7.2448979591837 5.6153846153846 1.6740149061818
7.4285714285714 5.6153846153846 1.6665833716862
7.6122448979592 5.6153846153846 1.6483694426615
7.7959183673469 5.6153846153846 1.6353318490388
7.9795918367347 5.6153846153846 1.6358405584941
8.1632653061224 5.6153846153846 1.6374834195159
8.3469387755102 5.6153846153846 1.6281424282983
8.530612244898 5.6153846153846 1.6160040669634
8.7142857142857 5.6153846153846 1.6100005989985
8.8979591836735 5.6153846153846 1.6059121280238
9.0816326530612 5.6153846153846 1.6030915882002
9.265306122449 5.6153846153846 1.6007886781302
9.4489795918367 5.6153846153846 1.5960877922931
9.6326530612245 5.6153846153846 1.5849113056384
9.8163265306122 5.6153846153846 1.573530149422
10 5.6153846153846 1.5765874110735
1 5.8461538461538 1.5787568459144
1.1836734693878 5.8461538461538 1.5973406307739
1.3673469387755 5.8461538461538 1.605868690804
1.5510204081633 5.8461538461538 1.6006489069537
1.734693877551 5.8461538461538 1.5928634146878
1.9183673469388 5.8461538461538 1.5941468196537
2.1020408163265 5.8461538461538 1.605052564732
2.2857142857143 5.8461538461538 1.6124900068559
2.469387755102 5.8461538461538 1.6126497531046
2.6530612244898 5.8461538461538 1.6154332611962
2.8367346938776 5.8461538461538 1.6225761169541
3.0204081632653 5.8461538461538 1.6112126684639
3.2040816326531 5.8461538461538 1.5695231185416
3.3877551020408 5.8461538461538 1.5032295634271
3.5714285714286 5.8461538461538 1.4143304968932
3.7551020408163 5.8461538461538 1.325307891732
3.9387755102041 5.8461538461538 1.2625239758143
4.1224489795918 5.8461538461538 1.2293787187833
4.3061224489796 5.8461538461538 1.2139955944319
4.4897959183673 5.8461538461538 1.2161560524574
4.6734693877551 5.8461538461538 1.2473449220466
4.8571428571429 5.8461538461538 1.3110771532896
5.0408163265306 5.8461538461538 1.3929053196914
5.2244897959184 5.8461538461538 1.4728616157917
5.4081632653061 5.8461538461538 1.5329704481169
5.5918367346939 5.8461538461538 1.566122858453
5.7755102040816 5.8461538461538 1.5844326363626
5.9591836734694 5.8461538461538 1.5981447384157
6.1428571428571 5.8461538461538 1.6088018024361
6.3265306122449 5.8461538461538 1.6204023198389
6.5102040816327 5.8461538461538 1.6343938750412
6.6938775510204 5.8461538461538 1.646236131854
6.8775510204082 5.8461538461538 1.6538782799079
7.0612244897959 5.8461538461538 1.6585779313574
7.2448979591837 5.8461538461538 1.6575681231272
7.4285714285714 5.8461538461538 1.6490567319996
7.6122448979592 5.8461538461538 1.6358187801239
7.7959183673469 5.8461538461538 1.6274735100415
7.9795918367347 5.8461538461538 1.6306125241883
8.1632653061224 5.8461538461538 1.6351467438358
8.3469387755102 5.8461538461538 1.6277326300527
8.530612244898 5.8461538461538 1.6147868552801
8.7142857142857 5.8461538461538 1.6056889295582
8.8979591836735 5.8461538461538 1.5990055619827
9.0816326530612 5.8461538461538 1.5964013766647
9.265306122449 5.8461538461538 1.5961380802107
9.4489795918367 5.8461538461538 1.593007811572
9.6326530612245 5.8461538461538 1.5838179741775
9.8163265306122 5.8461538461538 1.5724349162271
10 5.8461538461538 1.5741965679018
1 6.0769230769231 1.5798109983787
1.1836734693878 6.0769230769231 1.5981476439787
1.3673469387755 6.0769230769231 1.609119996109
1.5510204081633 6.0769230769231 1.6083830409121
1.734693877551 6.0769230769231 1.6015396875462
1.9183673469388 6.0769230769231 1.5971743789784
2.1020408163265 6.0769230769231 1.6034795311593
2.2857142857143 6.0769230769231 1.6098242801624
2.469387755102 6.0769230769231 1.6100364075724
2.6530612244898 6.0769230769231 1.6115840414567
2.8367346938776 6.0769230769231 1.6130940542987
3.0204081632653 6.0769230769231 1.5946149303922
3.2040816326531 6.0769230769231 1.5566236014021
3.3877551020408 6.0769230769231 1.5104227037343
3.5714285714286 6.0769230769231 1.4469942203811
3.7551020408163 6.0769230769231 1.3696720738615
3.9387755102041 6.0769230769231 1.30670934482
4.1224489795918 6.0769230769231 1.2706529035547
4.3061224489796 6.0769230769231 1.2495561856864
4.4897959183673 6.0769230769231 1.2398167595943
4.6734693877551 6.0769230769231 1.2530089335437
4.8571428571429 6.0769230769231 1.3042696068137
5.0408163265306 6.0769230769231 1.3820858944901
5.2244897959184 6.0769230769231 1.4581361456982
5.4081632653061 6.0769230769231 1.5125236242369
5.5918367346939 6.0769230769231 1.5449996342649
5.7755102040816 6.0769230769231 1.5699427826501
5.9591836734694 6.0769230769231 1.5921507189873
6.1428571428571 6.0769230769231 1.6132505407265
6.3265306122449 6.0769230769231 1.6313765995916
6.5102040816327 6.0769230769231 1.642835774452
6.6938775510204 6.0769230769231 1.6471770408579
6.8775510204082 6.0769230769231 1.6437659505022
7.0612244897959 6.0769230769231 1.6345581470021
7.2448979591837 6.0769230769231 1.6235510097753
7.4285714285714 6.0769230769231 1.6156475395509
7.6122448979592 6.0769230769231 1.608887719272
7.7959183673469 6.0769230769231 1.6049442101002
7.9795918367347 6.0769230769231 1.61214520537
8.1632653061224 6.0769230769231 1.6219461296071
8.3469387755102 6.0769230769231 1.6201064491194
8.530612244898 6.0769230769231 1.6120541973432
8.7142857142857 6.0769230769231 1.6050985278662
8.8979591836735 6.0769230769231 1.5977614978293
9.0816326530612 6.0769230769231 1.5931218251206
9.265306122449 6.0769230769231 1.5948018904197
9.4489795918367 6.0769230769231 1.5956656126254
9.6326530612245 6.0769230769231 1.5890751984778
9.8163265306122 6.0769230769231 1.5766584279337
10 6.0769230769231 1.5758611422322
1 6.3076923076923 1.5824053532038
1.1836734693878 6.3076923076923 1.5979952437913
1.3673469387755 6.3076923076923 1.6095760788111
1.5510204081633 6.3076923076923 1.6115821796457
1.734693877551 6.3076923076923 1.6050877103251
1.9183673469388 6.3076923076923 1.5968536680623
2.1020408163265 6.3076923076923 1.5990883996512
2.2857142857143 6.3076923076923 1.6046093951215
2.469387755102 6.3076923076923 1.6077627410817
2.6530612244898 6.3076923076923 1.6133674464256
2.8367346938776 6.3076923076923 1.61450702529
3.0204081632653 6.3076923076923 1.5922881590017
3.2040816326531 6.3076923076923 1.5553286954534
3.3877551020408 6.3076923076923 1.5200486814458
3.5714285714286 6.3076923076923 1.4736286419214
3.7551020408163 6.3076923076923 1.4132208142338
3.9387755102041 6.3076923076923 1.359370203245
4.1224489795918 6.3076923076923 1.3267354330178
4.3061224489796 6.3076923076923 1.3095573294169
4.4897959183673 6.3076923076923 1.2979314777006
4.6734693877551 6.3076923076923 1.298249424658
4.8571428571429 6.3076923076923 1.3332723693536
5.0408163265306 6.3076923076923 1.3995132766301
5.2244897959184 6.3076923076923 1.4690950783308
5.4081632653061 6.3076923076923 1.5197637472899
5.5918367346939 6.3076923076923 1.5529038703982
5.7755102040816 6.3076923076923 1.5772146073892
5.9591836734694 6.3076923076923 1.5941608328897
6.1428571428571 6.3076923076923 1.6099553968446
6.3265306122449 6.3076923076923 1.6240257496361
6.5102040816327 6.3076923076923 1.6300120533355
6.6938775510204 6.3076923076923 1.6287669374454
6.8775510204082 6.3076923076923 1.6200695516923
7.0612244897959 6.3076923076923 1.6068359649599
7.2448979591837 6.3076923076923 1.5982726746236
7.4285714285714 6.3076923076923 1.5968096361055
7.6122448979592 6.3076923076923 1.5924856652767
7.7959183673469 6.3076923076923 1.5858329189564
7.9795918367347 6.3076923076923 1.5882847080801
8.1632653061224 6.3076923076923 1.5958131861771
8.3469387755102 6.3076923076923 1.5997093453076
8.530612244898 6.3076923076923 1.6044351985978
8.7142857142857 6.3076923076923 1.6084494555827
8.8979591836735 6.3076923076923 1.6045238650452
9.0816326530612 6.3076923076923 1.5972991334651
9.265306122449 6.3076923076923 1.597408299668
9.4489795918367 6.3076923076923 1.6001171121914
9.6326530612245 6.3076923076923 1.5955587845706
9.8163265306122 6.3076923076923 1.5827919178023
10 6.3076923076923 1.5795518098733
1 6.5384615384615 1.5853676979359
1.1836734693878 6.5384615384615 1.5976153144286
1.3673469387755 6.5384615384615 1.6077862639258
1.5510204081633 6.5384615384615 1.6081876470304
1.734693877551 6.5384615384615 1.6007974327451
1.9183673469388 6.5384615384615 1.5931175443777
2.1020408163265 6.5384615384615 1.5929742196293
2.2857142857143 6.5384615384615 1.5964260848015
2.469387755102 6.5384615384615 1.602576950094
2.6530612244898 6.5384615384615 1.6161825237695
2.8367346938776 6.5384615384615 1.6254146954328
3.0204081632653 6.5384615384615 1.6061536723067
3.2040816326531 6.5384615384615 1.568365007218
3.3877551020408 6.5384615384615 1.5333234670585
3.5714285714286 6.5384615384615 1.4941768017446
3.7551020408163 6.5384615384615 1.4484952396278
3.9387755102041 6.5384615384615 1.4103189835928
4.1224489795918 6.5384615384615 1.391767217937
4.3061224489796 6.5384615384615 1.386182238019
4.4897959183673 6.5384615384615 1.3774745608425
4.6734693877551 6.5384615384615 1.371543640619
4.8571428571429 6.5384615384615 1.3964050182932
5.0408163265306 6.5384615384615 1.4528222273056
5.2244897959184 6.5384615384615 1.5128380037735
5.4081632653061 6.5384615384615 1.5568742490079
5.5918367346939 6.5384615384615 1.585169124641
5.7755102040816 6.5384615384615 1.5996733589485
5.9591836734694 6.5384615384615 1.6015211094864
6.1428571428571 6.5384615384615 1.5997922184704
6.3265306122449 6.5384615384615 1.6009655477863
6.5102040816327 6.5384615384615 1.6015646770199
6.6938775510204 6.5384615384615 1.5995888036313
6.8775510204082 6.5384615384615 1.5940037187267
7.0612244897959 6.5384615384615 1.5896899498051
7.2448979591837 6.5384615384615 1.5941338380054
7.4285714285714 6.5384615384615 1.5987282899709
7.6122448979592 6.5384615384615 1.5908277171375
7.7959183673469 6.5384615384615 1.5781026745515
7.9795918367347 6.5384615384615 1.5721036390379
8.1632653061224 6.5384615384615 1.5708886953876
8.3469387755102 6.5384615384615 1.5739808935945
8.530612244898 6.5384615384615 1.5901007322914
8.7142857142857 6.5384615384615 1.611555578944
8.8979591836735 6.5384615384615 1.6163607457745
9.0816326530612 6.5384615384615 1.607017065704
9.265306122449 6.5384615384615 1.6018182218919
9.4489795918367 6.5384615384615 1.6035217681151
9.6326530612245 6.5384615384615 1.6002240695608
9.8163265306122 6.5384615384615 1.5881773708752
10 6.5384615384615 1.5835349101288
1 6.7692307692308 1.5887585542137
1.1836734693878 6.7692307692308 1.5990265430049
1.3673469387755 6.7692307692308 1.606348853907
1.5510204081633 6.7692307692308 1.6011642026127
1.734693877551 6.7692307692308 1.5912855070094
1.9183673469388 6.7692307692308 1.5848311647452
2.1020408163265 6.7692307692308 1.5818588915826
2.2857142857143 6.7692307692308 1.5806463162106
2.469387755102 6.7692307692308 1.5871566147907
2.6530612244898 6.7692307692308 1.605469052234
2.8367346938776 6.7692307692308 1.6225080119573
3.0204081632653 6.7692307692308 1.6119427401506
3.2040816326531 6.7692307692308 1.5794393628257
3.3877551020408 6.7692307692308 1.5493288690167
3.5714285714286 6.7692307692308 1.5252164344651
3.7551020408163 6.7692307692308 1.5014002135388
3.9387755102041 6.7692307692308 1.4784472881965
4.1224489795918 6.7692307692308 1.4660601650835
4.3061224489796 6.7692307692308 1.4600506739613
4.4897959183673 6.7692307692308 1.446213288497
4.6734693877551 6.7692307692308 1.4379683142867
4.8571428571429 6.7692307692308 1.4636015529599
5.0408163265306 6.7692307692308 1.5117041531312
5.2244897959184 6.7692307692308 1.5564224641398
5.4081632653061 6.7692307692308 1.588475978668
5.5918367346939 6.7692307692308 1.6036774147747
5.7755102040816 6.7692307692308 1.6053924720861
5.9591836734694 6.7692307692308 1.5979378678172
6.1428571428571 6.7692307692308 1.588656210637
6.3265306122449 6.7692307692308 1.5876158227601
6.5102040816327 6.7692307692308 1.5938539639744
6.6938775510204 6.7692307692308 1.5960098883048
6.8775510204082 6.7692307692308 1.5889466705279
7.0612244897959 6.7692307692308 1.5862585441533
7.2448979591837 6.7692307692308 1.5950206190676
7.4285714285714 6.7692307692308 1.5992790360153
7.6122448979592 6.7692307692308 1.5913590789153
7.7959183673469 6.7692307692308 1.5831987786705
7.9795918367347 6.7692307692308 1.5779787665074
8.1632653061224 6.7692307692308 1.5697210129489
8.3469387755102 6.7692307692308 1.5651693325403
8.530612244898 6.7692307692308 1.5814273826493
8.7142857142857 6.7692307692308 1.6139987213705
8.8979591836735 6.7692307692308 1.6280968711365
9.0816326530612 6.7692307692308 1.6175634740598
9.265306122449 6.7692307692308 1.6063517678289
9.4489795918367 6.7692307692308 1.6047769366356
9.6326530612245 6.7692307692308 1.6012752632517
9.8163265306122 6.7692307692308 1.5912809437447
10 6.7692307692308 1.5872960701966
1 7 1.5912558237713
1.1836734693878 7 1.5986446247619
1.3673469387755 7 1.6033218482725
1.5510204081633 7 1.5954311923916
1.734693877551 7 1.5835058372847
1.9183673469388 7 1.5748174644653
2.1020408163265 7 1.5686836007501
2.2857142857143 7 1.5659063770656
2.469387755102 7 1.5725727811152
2.6530612244898 7 1.5881916738694
2.8367346938776 7 1.6040835899562
3.0204081632653 7 1.6017314244289
3.2040816326531 7 1.5828955870909
3.3877551020408 7 1.5677402254675
3.5714285714286 7 1.5625269412994
3.7551020408163 7 1.5585403985717
3.9387755102041 7 1.5474198034833
4.1224489795918 7 1.5320775744058
4.3061224489796 7 1.5130700189241
4.4897959183673 7 1.4879917173972
4.6734693877551 7 1.4782571484447
4.8571428571429 7 1.5042520761487
5.0408163265306 7 1.5453407148114
5.2244897959184 7 1.5788439925834
5.4081632653061 7 1.5976400756515
5.5918367346939 7 1.6005128905887
5.7755102040816 7 1.5932451210869
5.9591836734694 7 1.5830197155879
6.1428571428571 7 1.5761703366324
6.3265306122449 7 1.5864117437482
6.5102040816327 7 1.6128602782075
6.6938775510204 7 1.6240231569119
6.8775510204082 7 1.6056962824194
7.0612244897959 7 1.58988934066
7.2448979591837 7 1.5930444691457
7.4285714285714 7 1.5977501301538
7.6122448979592 7 1.5978937059844
7.7959183673469 7 1.6002900413912
7.9795918367347 7 1.6013450176537
8.1632653061224 7 1.5916376786978
8.3469387755102 7 1.5791410118547
8.530612244898 7 1.5881054863638
8.7142857142857 7 1.6195586976552
8.8979591836735 7 1.6358031504818
9.0816326530612 7 1.6238179004111
9.265306122449 7 1.6089699252122
9.4489795918367 7 1.6033870695401
9.6326530612245 7 1.5985554521584
9.8163265306122 7 1.5921114731807
10 7 1.5901871124903
1 7.2307692307692 1.5899644081412
1.1836734693878 7.2307692307692 1.5925708603071
1.3673469387755 7.2307692307692 1.5984959821313
1.5510204081633 7.2307692307692 1.5950527986513
1.734693877551 7.2307692307692 1.5825353729857
1.9183673469388 7.2307692307692 1.57080059729
2.1020408163265 7.2307692307692 1.5657302028906
2.2857142857143 7.2307692307692 1.568500848917
2.469387755102 7.2307692307692 1.5780936082828
2.6530612244898 7.2307692307692 1.5898204065007
2.8367346938776 7.2307692307692 1.5992511261949
3.0204081632653 7.2307692307692 1.5967666202662
3.2040816326531 7.2307692307692 1.5869587800193
3.3877551020408 7.2307692307692 1.5839409014121
3.5714285714286 7.2307692307692 1.5864016249939
3.7551020408163 7.2307692307692 1.5869530987704
3.9387755102041 7.2307692307692 1.5821096889639
4.1224489795918 7.2307692307692 1.5686600275654
4.3061224489796 7.2307692307692 1.5450608004207
4.4897959183673 7.2307692307692 1.5175748687339
4.6734693877551 7.2307692307692 1.5075973785093
4.8571428571429 7.2307692307692 1.5312418308888
5.0408163265306 7.2307692307692 1.5692948364947
5.2244897959184 7.2307692307692 1.5943487171473
5.4081632653061 7.2307692307692 1.6032801943261
5.5918367346939 7.2307692307692 1.6007245765939
5.7755102040816 7.2307692307692 1.5898708322175
5.9591836734694 7.2307692307692 1.5770557639736
6.1428571428571 7.2307692307692 1.5713067133346
6.3265306122449 7.2307692307692 1.5896639041662
6.5102040816327 7.2307692307692 1.6315680461549
6.6938775510204 7.2307692307692 1.6505107529686
6.8775510204082 7.2307692307692 1.6222543548001
7.0612244897959 7.2307692307692 1.5914487750788
7.2448979591837 7.2307692307692 1.5879894931051
7.4285714285714 7.2307692307692 1.5974342980227
7.6122448979592 7.2307692307692 1.6064937646197
7.7959183673469 7.2307692307692 1.6117242570948
7.9795918367347 7.2307692307692 1.6120352127488
8.1632653061224 7.2307692307692 1.6027733454339
8.3469387755102 7.2307692307692 1.5879605128963
8.530612244898 7.2307692307692 1.5915968176707
8.7142857142857 7.2307692307692 1.6181844761082
8.8979591836735 7.2307692307692 1.6320065308591
9.0816326530612 7.2307692307692 1.6200825290365
9.265306122449 7.2307692307692 1.6065164490061
9.4489795918367 7.2307692307692 1.5999181326742
9.6326530612245 7.2307692307692 1.5948935659193
9.8163265306122 7.2307692307692 1.5921104283684
10 7.2307692307692 1.5903628789461
1 7.4615384615385 1.5856411793294
1.1836734693878 7.4615384615385 1.585309951983
1.3673469387755 7.4615384615385 1.5954797310957
1.5510204081633 7.4615384615385 1.5966438250291
1.734693877551 7.4615384615385 1.5850345170165
1.9183673469388 7.4615384615385 1.5768028503312
2.1020408163265 7.4615384615385 1.5779861886111
2.2857142857143 7.4615384615385 1.5863497423164
2.469387755102 7.4615384615385 1.5973422428126
2.6530612244898 7.4615384615385 1.6094525361921
2.8367346938776 7.4615384615385 1.6161585084311
3.0204081632653 7.4615384615385 1.6067292014073
3.2040816326531 7.4615384615385 1.5947067602837
3.3877551020408 7.4615384615385 1.5964839685529
3.5714285714286 7.4615384615385 1.5998580748345
3.7551020408163 7.4615384615385 1.5960600389853
3.9387755102041 7.4615384615385 1.5915951185485
4.1224489795918 7.4615384615385 1.5837402920767
4.3061224489796 7.4615384615385 1.5675576514187
4.4897959183673 7.4615384615385 1.54739398703
4.6734693877551 7.4615384615385 1.5390597099036
4.8571428571429 7.4615384615385 1.5580104235764
5.0408163265306 7.4615384615385 1.5894563168772
5.2244897959184 7.4615384615385 1.6090836432015
5.4081632653061 7.4615384615385 1.6138120311399
5.5918367346939 7.4615384615385 1.6085433233225
5.7755102040816 7.4615384615385 1.5955714356022
5.9591836734694 7.4615384615385 1.583259130759
6.1428571428571 7.4615384615385 1.5814875477839
6.3265306122449 7.4615384615385 1.6021926779824
6.5102040816327 7.4615384615385 1.6418957519381
6.6938775510204 7.4615384615385 1.6589363622519
6.8775510204082 7.4615384615385 1.6281516387289
7.0612244897959 7.4615384615385 1.5893698251414
7.2448979591837 7.4615384615385 1.578692874317
7.4285714285714 7.4615384615385 1.5888498820664
7.6122448979592 7.4615384615385 1.6018047676481
7.7959183673469 7.4615384615385 1.6056899210971
7.9795918367347 7.4615384615385 1.5999824365106
8.1632653061224 7.4615384615385 1.5871851307632
8.3469387755102 7.4615384615385 1.5721320413531
8.530612244898 7.4615384615385 1.5757979877576
8.7142857142857 7.4615384615385 1.6011051489757
8.8979591836735 7.4615384615385 1.614366621699
9.0816326530612 7.4615384615385 1.6058499584767
9.265306122449 7.4615384615385 1.5967139647556
9.4489795918367 7.4615384615385 1.5927978861335
9.6326530612245 7.4615384615385 1.5911454581766
9.8163265306122 7.4615384615385 1.5918120084042
10 7.4615384615385 1.5877807262614
1 7.6923076923077 1.5863803930772
1.1836734693878 7.6923076923077 1.5849824706529
1.3673469387755 7.6923076923077 1.5950014462088
1.5510204081633 7.6923076923077 1.5959346012442
1.734693877551 7.6923076923077 1.5873530227932
1.9183673469388 7.6923076923077 1.5840902717123
2.1020408163265 7.6923076923077 1.5869812007851
2.2857142857143 7.6923076923077 1.5930182863942
2.469387755102 7.6923076923077 1.6004371115951
2.6530612244898 7.6923076923077 1.6117505135806
2.8367346938776 7.6923076923077 1.6187406485768
3.0204081632653 7.6923076923077 1.6089258733563
3.2040816326531 7.6923076923077 1.5996403006098
3.3877551020408 7.6923076923077 1.6074127255157
3.5714285714286 7.6923076923077 1.6148454234713
3.7551020408163 7.6923076923077 1.611715565172
3.9387755102041 7.6923076923077 1.6067113717272
4.1224489795918 7.6923076923077 1.5991568827365
4.3061224489796 7.6923076923077 1.5877005891738
4.4897959183673 7.6923076923077 1.576502963924
4.6734693877551 7.6923076923077 1.5695793087228
4.8571428571429 7.6923076923077 1.5741957395507
5.0408163265306 7.6923076923077 1.5909742220481
5.2244897959184 7.6923076923077 1.6064975848693
5.4081632653061 7.6923076923077 1.6105883780854
5.5918367346939 7.6923076923077 1.603308018373
5.7755102040816 7.6923076923077 1.5915070141504
5.9591836734694 7.6923076923077 1.5887727724327
6.1428571428571 7.6923076923077 1.6005878955016
6.3265306122449 7.6923076923077 1.6242398008637
6.5102040816327 7.6923076923077 1.6521498197541
6.6938775510204 7.6923076923077 1.6597970954912
6.8775510204082 7.6923076923077 1.6310373905876
7.0612244897959 7.6923076923077 1.5904944092737
7.2448979591837 7.6923076923077 1.5696654277968
7.4285714285714 7.6923076923077 1.5726549931061
7.6122448979592 7.6923076923077 1.5877406507307
7.7959183673469 7.6923076923077 1.5967602013668
7.9795918367347 7.6923076923077 1.5894457560943
8.1632653061224 7.6923076923077 1.5719191097953
8.3469387755102 7.6923076923077 1.5589495513651
8.530612244898 7.6923076923077 1.5677179040116
8.7142857142857 7.6923076923077 1.5921381113731
8.8979591836735 7.6923076923077 1.6036223825016
9.0816326530612 7.6923076923077 1.5973762507094
9.265306122449 7.6923076923077 1.5874432887413
9.4489795918367 7.6923076923077 1.5819309858175
9.6326530612245 7.6923076923077 1.5861948096646
9.8163265306122 7.6923076923077 1.5934846753038
10 7.6923076923077 1.5892064968748
1 7.9230769230769 1.5960799730742
1.1836734693878 7.9230769230769 1.5891895934211
1.3673469387755 7.9230769230769 1.5931581657385
1.5510204081633 7.9230769230769 1.5957634422804
1.734693877551 7.9230769230769 1.5924551481355
1.9183673469388 7.9230769230769 1.5863543075143
2.1020408163265 7.9230769230769 1.5805940296813
2.2857142857143 7.9230769230769 1.5790843557523
2.469387755102 7.9230769230769 1.5819669580162
2.6530612244898 7.9230769230769 1.587491526896
2.8367346938776 7.9230769230769 1.5927115615158
3.0204081632653 7.9230769230769 1.5948054743712
3.2040816326531 7.9230769230769 1.6007516582496
3.3877551020408 7.9230769230769 1.6125247049929
3.5714285714286 7.9230769230769 1.6217018339661
3.7551020408163 7.9230769230769 1.6268764955097
3.9387755102041 7.9230769230769 1.6278219005936
4.1224489795918 7.9230769230769 1.6166293755804
4.3061224489796 7.9230769230769 1.5998134111496
4.4897959183673 7.9230769230769 1.5917523861679
4.6734693877551 7.9230769230769 1.5859018781309
4.8571428571429 7.9230769230769 1.5747520163819
5.0408163265306 7.9230769230769 1.5706002796465
5.2244897959184 7.9230769230769 1.5781436842317
5.4081632653061 7.9230769230769 1.5838435575764
5.5918367346939 7.9230769230769 1.5794129010461
5.7755102040816 7.9230769230769 1.5748228525254
5.9591836734694 7.9230769230769 1.5879558463296
6.1428571428571 7.9230769230769 1.6163494731047
6.3265306122449 7.9230769230769 1.6413334669833
6.5102040816327 7.9230769230769 1.6554359854483
6.6938775510204 7.9230769230769 1.654485991087
6.8775510204082 7.9230769230769 1.63254022355
7.0612244897959 7.9230769230769 1.5972217605853
7.2448979591837 7.9230769230769 1.5674035985205
7.4285714285714 7.9230769230769 1.5610817225425
7.6122448979592 7.9230769230769 1.5801371815065
7.7959183673469 7.9230769230769 1.5991870346399
7.9795918367347 7.9230769230769 1.5945534994314
8.1632653061224 7.9230769230769 1.5769563671933
8.3469387755102 7.9230769230769 1.5731965063877
8.530612244898 7.9230769230769 1.5887587405451
8.7142857142857 7.9230769230769 1.6054716699726
8.8979591836735 7.9230769230769 1.6097909693067
9.0816326530612 7.9230769230769 1.604416576622
9.265306122449 7.9230769230769 1.5910765683071
9.4489795918367 7.9230769230769 1.5768529137412
9.6326530612245 7.9230769230769 1.5825763323243
9.8163265306122 7.9230769230769 1.6000882267391
10 7.9230769230769 1.5994505332068
1 8.1538461538462 1.60278401925
1.1836734693878 8.1538461538462 1.586969088348
1.3673469387755 8.1538461538462 1.5897324470127
1.5510204081633 8.1538461538462 1.6019769643129
1.734693877551 8.1538461538462 1.6063499691471
1.9183673469388 8.1538461538462 1.5962355227322
2.1020408163265 8.1538461538462 1.5802309052724
2.2857142857143 8.1538461538462 1.567278886016
2.469387755102 8.1538461538462 1.5617300043055
2.6530612244898 8.1538461538462 1.563572456112
2.8367346938776 8.1538461538462 1.5725158588977
3.0204081632653 8.1538461538462 1.5898869080047
3.2040816326531 8.1538461538462 1.6079676304111
3.3877551020408 8.1538461538462 1.6135700151346
3.5714285714286 8.1538461538462 1.6136619616778
3.7551020408163 8.1538461538462 1.6217359166567
3.9387755102041 8.1538461538462 1.6302798863545
4.1224489795918 8.1538461538462 1.6231480225537
4.3061224489796 8.1538461538462 1.6043683342883
4.4897959183673 8.1538461538462 1.5936931492705
4.6734693877551 8.1538461538462 1.5885028656337
4.8571428571429 8.1538461538462 1.5707858447189
5.0408163265306 8.1538461538462 1.5515840750349
5.2244897959184 8.1538461538462 1.552291495896
5.4081632653061 8.1538461538462 1.5637981592829
5.5918367346939 8.1538461538462 1.5682434364493
5.7755102040816 8.1538461538462 1.5720138682675
5.9591836734694 8.1538461538462 1.5924100802867
6.1428571428571 8.1538461538462 1.6225300974897
6.3265306122449 8.1538461538462 1.6386558176145
6.5102040816327 8.1538461538462 1.6384395959179
6.6938775510204 8.1538461538462 1.6343624137697
6.8775510204082 8.1538461538462 1.6263512250705
7.0612244897959 8.1538461538462 1.606812816587
7.2448979591837 8.1538461538462 1.5800352802084
7.4285714285714 8.1538461538462 1.5697892319153
7.6122448979592 8.1538461538462 1.5885723091931
7.7959183673469 8.1538461538462 1.6092947997203
7.9795918367347 8.1538461538462 1.6024036563422
8.1632653061224 8.1538461538462 1.5855283623651
8.3469387755102 8.1538461538462 1.5913509626403
8.530612244898 8.1538461538462 1.6105407194465
8.7142857142857 8.1538461538462 1.6185795291438
8.8979591836735 8.1538461538462 1.6166652402349
9.0816326530612 8.1538461538462 1.611852674569
9.265306122449 8.1538461538462 1.5961389381306
9.4489795918367 8.1538461538462 1.5752918017843
9.6326530612245 8.1538461538462 1.5801682771658
9.8163265306122 8.1538461538462 1.6053178216198
10 8.1538461538462 1.6077831922437
1 8.3846153846154 1.5951372293324
1.1836734693878 8.3846153846154 1.5778784568495
1.3673469387755 8.3846153846154 1.5885874598142
1.5510204081633 8.3846153846154 1.6117131688219
1.734693877551 8.3846153846154 1.6229667987326
1.9183673469388 8.3846153846154 1.6171670560747
2.1020408163265 8.3846153846154 1.5996768264979
2.2857142857143 8.3846153846154 1.5736427931557
2.469387755102 8.3846153846154 1.5533101956051
2.6530612244898 8.3846153846154 1.5571197918232
2.8367346938776 8.3846153846154 1.576537629187
3.0204081632653 8.3846153846154 1.6004388619939
3.2040816326531 8.3846153846154 1.6186823555463
3.3877551020408 8.3846153846154 1.615925568364
3.5714285714286 8.3846153846154 1.6036926905314
3.7551020408163 8.3846153846154 1.6023197866496
3.9387755102041 8.3846153846154 1.6095703903262
4.1224489795918 8.3846153846154 1.6141176105233
4.3061224489796 8.3846153846154 1.6087496176491
4.4897959183673 8.3846153846154 1.6000742481867
4.6734693877551 8.3846153846154 1.592497488393
4.8571428571429 8.3846153846154 1.5727179255679
5.0408163265306 8.3846153846154 1.5484778189896
5.2244897959184 8.3846153846154 1.5483742366596
5.4081632653061 8.3846153846154 1.5692183433061
5.5918367346939 8.3846153846154 1.5861426097821
5.7755102040816 8.3846153846154 1.5959868260791
5.9591836734694 8.3846153846154 1.6092200946708
6.1428571428571 8.3846153846154 1.6212453278869
6.3265306122449 8.3846153846154 1.6181590590786
6.5102040816327 8.3846153846154 1.6057154494761
6.6938775510204 8.3846153846154 1.6047380742199
6.8775510204082 8.3846153846154 1.6145617826519
7.0612244897959 8.3846153846154 1.6148767861193
7.2448979591837 8.3846153846154 1.6024098628981
7.4285714285714 8.3846153846154 1.5968027573369
7.6122448979592 8.3846153846154 1.6095067390529
7.7959183673469 8.3846153846154 1.6185852963534
7.9795918367347 8.3846153846154 1.6001015270273
8.1632653061224 8.3846153846154 1.5803976813139
8.3469387755102 8.3846153846154 1.5913907890854
8.530612244898 8.3846153846154 1.6119450778002
8.7142857142857 8.3846153846154 1.6162680260862
8.8979591836735 8.3846153846154 1.6118800446726
9.0816326530612 8.3846153846154 1.6062160187028
9.265306122449 8.3846153846154 1.589107775364
9.4489795918367 8.3846153846154 1.5680895549723
9.6326530612245 8.3846153846154 1.5736435853266
9.8163265306122 8.3846153846154 1.5992090183674
10 8.3846153846154 1.601219314795
1 8.6153846153846 1.5828330700212
1.1836734693878 8.6153846153846 1.5677394722844
1.3673469387755 8.6153846153846 1.5845091818265
1.5510204081633 8.6153846153846 1.6165542956238
1.734693877551 8.6153846153846 1.6348652295079
1.9183673469388 8.6153846153846 1.6353747309469
2.1020408163265 8.6153846153846 1.6209934485763
2.2857142857143 8.6153846153846 1.5905151078991
2.469387755102 8.6153846153846 1.5631036623682
2.6530612244898 8.6153846153846 1.5654942276341
2.8367346938776 8.6153846153846 1.5848459394612
3.0204081632653 8.6153846153846 1.6074429673712
3.2040816326531 8.6153846153846 1.6256372496324
3.3877551020408 8.6153846153846 1.6194315995302
3.5714285714286 8.6153846153846 1.5979005727139
3.7551020408163 8.6153846153846 1.5854831089966
3.9387755102041 8.6153846153846 1.5863464864867
4.1224489795918 8.6153846153846 1.5974252377426
4.3061224489796 8.6153846153846 1.6078672184485
4.4897959183673 8.6153846153846 1.6082605037433
4.6734693877551 8.6153846153846 1.5999799854529
4.8571428571429 8.6153846153846 1.5794670529421
5.0408163265306 8.6153846153846 1.5560550543725
5.2244897959184 8.6153846153846 1.5560840489912
5.4081632653061 8.6153846153846 1.5799201966458
5.5918367346939 8.6153846153846 1.6032027255046
5.7755102040816 8.6153846153846 1.6146602598799
5.9591836734694 8.6153846153846 1.6164916742542
6.1428571428571 8.6153846153846 1.6086192484743
6.3265306122449 8.6153846153846 1.5922991205798
6.5102040816327 8.6153846153846 1.5802176569472
6.6938775510204 8.6153846153846 1.5873196145619
6.8775510204082 8.6153846153846 1.60657285203
7.0612244897959 8.6153846153846 1.6173291365432
7.2448979591837 8.6153846153846 1.6164342793792
7.4285714285714 8.6153846153846 1.6170616294002
7.6122448979592 8.6153846153846 1.6239858721637
7.7959183673469 8.6153846153846 1.6201750154209
7.9795918367347 8.6153846153846 1.5920088182628
8.1632653061224 8.6153846153846 1.5717551131825
8.3469387755102 8.6153846153846 1.5854091427204
8.530612244898 8.6153846153846 1.6041987131305
8.7142857142857 8.6153846153846 1.6037846476169
8.8979591836735 8.6153846153846 1.5962553974975
9.0816326530612 8.6153846153846 1.5896871157308
9.265306122449 8.6153846153846 1.5763295067346
9.4489795918367 8.6153846153846 1.5622668777194
9.6326530612245 8.6153846153846 1.569893161768
9.8163265306122 8.6153846153846 1.5911464167165
10 8.6153846153846 1.5892464656099
1 8.8461538461538 1.5855580507176
1.1836734693878 8.8461538461538 1.5667291868427
1.3673469387755 8.8461538461538 1.5789955026625
1.5510204081633 8.8461538461538 1.6147365424094
1.734693877551 8.8461538461538 1.63958788336
1.9183673469388 8.8461538461538 1.6423333422293
2.1020408163265 8.8461538461538 1.6321636588705
2.2857142857143 8.8461538461538 1.6085600490537
2.469387755102 8.8461538461538 1.5852383058271
2.6530612244898 8.8461538461538 1.5782045401685
2.8367346938776 8.8461538461538 1.5836679649753
3.0204081632653 8.8461538461538 1.6031008104206
3.2040816326531 8.8461538461538 1.6247933167303
3.3877551020408 8.8461538461538 1.6176361438804
3.5714285714286 8.8461538461538 1.5914901416379
3.7551020408163 8.8461538461538 1.5754366559176
3.9387755102041 8.8461538461538 1.5728067192088
4.1224489795918 8.8461538461538 1.5810743915914
4.3061224489796 8.8461538461538 1.5955310827897
4.4897959183673 8.8461538461538 1.6042655690812
4.6734693877551 8.8461538461538 1.6009501127097
4.8571428571429 8.8461538461538 1.5863920271179
5.0408163265306 8.8461538461538 1.571486366163
5.2244897959184 8.8461538461538 1.5713786305335
5.4081632653061 8.8461538461538 1.5850702312718
5.5918367346939 8.8461538461538 1.5997766661182
5.7755102040816 8.8461538461538 1.6071615531647
5.9591836734694 8.8461538461538 1.6022501367973
6.1428571428571 8.8461538461538 1.5859017520599
6.3265306122449 8.8461538461538 1.571540282697
6.5102040816327 8.8461538461538 1.5731888724397
6.6938775510204 8.8461538461538 1.5892134669688
6.8775510204082 8.8461538461538 1.6060218409925
7.0612244897959 8.8461538461538 1.6141255339799
7.2448979591837 8.8461538461538 1.6142414943015
7.4285714285714 8.8461538461538 1.6144991466848
7.6122448979592 8.8461538461538 1.6194615629814
7.7959183673469 8.8461538461538 1.6159694369461
7.9795918367347 8.8461538461538 1.5918055009868
8.1632653061224 8.8461538461538 1.5729784177647
8.3469387755102 8.8461538461538 1.5819662189933
8.530612244898 8.8461538461538 1.5931935105133
8.7142857142857 8.8461538461538 1.5861551145931
8.8979591836735 8.8461538461538 1.5763583296195
9.0816326530612 8.8461538461538 1.5726594093392
9.265306122449 8.8461538461538 1.5691436536648
9.4489795918367 8.8461538461538 1.5642169718343
9.6326530612245 8.8461538461538 1.5756877079366
9.8163265306122 8.8461538461538 1.5950653209291
10 8.8461538461538 1.5917236346467
1 9.0769230769231 1.5906747426744
1.1836734693878 9.0769230769231 1.5689779649784
1.3673469387755 9.0769230769231 1.5670198008755
1.5510204081633 9.0769230769231 1.5976729898912
1.734693877551 9.0769230769231 1.6322750206209
1.9183673469388 9.0769230769231 1.6415676682609
2.1020408163265 9.0769230769231 1.6377540619697
2.2857142857143 9.0769230769231 1.6243943224899
2.469387755102 9.0769230769231 1.6081212616168
2.6530612244898 9.0769230769231 1.594800523349
2.8367346938776 9.0769230769231 1.5871583413605
3.0204081632653 9.0769230769231 1.5948646349911
3.2040816326531 9.0769230769231 1.6089266561078
3.3877551020408 9.0769230769231 1.6041054946476
3.5714285714286 9.0769230769231 1.5873351097106
3.7551020408163 9.0769230769231 1.576973516488
3.9387755102041 9.0769230769231 1.5732953002598
4.1224489795918 9.0769230769231 1.5770632954308
4.3061224489796 9.0769230769231 1.5901993853704
4.4897959183673 9.0769230769231 1.6030858967204
4.6734693877551 9.0769230769231 1.6033910687587
4.8571428571429 9.0769230769231 1.5921246184531
5.0408163265306 9.0769230769231 1.5839296343559
5.2244897959184 9.0769230769231 1.5868691887175
5.4081632653061 9.0769230769231 1.5925043106456
5.5918367346939 9.0769230769231 1.5936693062272
5.7755102040816 9.0769230769231 1.5917410300952
5.9591836734694 9.0769230769231 1.5847284561175
6.1428571428571 9.0769230769231 1.5732594558167
6.3265306122449 9.0769230769231 1.5693551734875
6.5102040816327 9.0769230769231 1.5793314272042
6.6938775510204 9.0769230769231 1.5934126469426
6.8775510204082 9.0769230769231 1.6022739800905
7.0612244897959 9.0769230769231 1.6063993280314
7.2448979591837 9.0769230769231 1.6059622150138
7.4285714285714 9.0769230769231 1.6032902211934
7.6122448979592 9.0769230769231 1.6047608310922
7.7959183673469 9.0769230769231 1.6043094114629
7.9795918367347 9.0769230769231 1.5890363165995
8.1632653061224 9.0769230769231 1.5693652677886
8.3469387755102 9.0769230769231 1.5677561983896
8.530612244898 9.0769230769231 1.5720337863872
8.7142857142857 9.0769230769231 1.5659825421953
8.8979591836735 9.0769230769231 1.5603464626627
9.0816326530612 9.0769230769231 1.5639766062951
9.265306122449 9.0769230769231 1.5733078418132
9.4489795918367 9.0769230769231 1.5774756114811
9.6326530612245 9.0769230769231 1.5890469917881
9.8163265306122 9.0769230769231 1.60277350675
10 9.0769230769231 1.5967084383354
1 9.3076923076923 1.5742879922573
1.1836734693878 9.3076923076923 1.5460993936712
1.3673469387755 9.3076923076923 1.5456387270563
1.5510204081633 9.3076923076923 1.5676521717849
1.734693877551 9.3076923076923 1.5987238672502
1.9183673469388 9.3076923076923 1.6212395122701
2.1020408163265 9.3076923076923 1.6375855587343
2.2857142857143 9.3076923076923 1.6419824780995
2.469387755102 9.3076923076923 1.633072875171
2.6530612244898 9.3076923076923 1.6156996264002
2.8367346938776 9.3076923076923 1.5975784564878
3.0204081632653 9.3076923076923 1.5922084131646
3.2040816326531 9.3076923076923 1.5954667122063
3.3877551020408 9.3076923076923 1.5898966938956
3.5714285714286 9.3076923076923 1.5809543211383
3.7551020408163 9.3076923076923 1.5809787375212
3.9387755102041 9.3076923076923 1.587762740568
4.1224489795918 9.3076923076923 1.5970516985215
4.3061224489796 9.3076923076923 1.6080489061314
4.4897959183673 9.3076923076923 1.6150561084549
4.6734693877551 9.3076923076923 1.610516171253
4.8571428571429 9.3076923076923 1.5988408117503
5.0408163265306 9.3076923076923 1.592973321723
5.2244897959184 9.3076923076923 1.593242857857
5.4081632653061 9.3076923076923 1.5908119150756
5.5918367346939 9.3076923076923 1.5881207994235
5.7755102040816 9.3076923076923 1.5892803234804
5.9591836734694 9.3076923076923 1.5859446005322
6.1428571428571 9.3076923076923 1.5778096547491
6.3265306122449 9.3076923076923 1.5786671179989
6.5102040816327 9.3076923076923 1.5897689544987
6.6938775510204 9.3076923076923 1.5989223948826
6.8775510204082 9.3076923076923 1.6026013507576
7.0612244897959 9.3076923076923 1.6050864255971
7.2448979591837 9.3076923076923 1.6048937715952
7.4285714285714 9.3076923076923 1.6001153293544
7.6122448979592 9.3076923076923 1.5951795757659
7.7959183673469 9.3076923076923 1.5913708546845
7.9795918367347 9.3076923076923 1.580499330533
8.1632653061224 9.3076923076923 1.5593547289561
8.3469387755102 9.3076923076923 1.5456603494136
8.530612244898 9.3076923076923 1.5459942641774
8.7142857142857 9.3076923076923 1.5502932215781
8.8979591836735 9.3076923076923 1.5563057954869
9.0816326530612 9.3076923076923 1.5722526948156
9.265306122449 9.3076923076923 1.5880425481633
9.4489795918367 9.3076923076923 1.5936284231806
9.6326530612245 9.3076923076923 1.609501309073
9.8163265306122 9.3076923076923 1.6120964769665
10 9.3076923076923 1.5857610610812
1 9.5384615384615 1.5799069037808
1.1836734693878 9.5384615384615 1.5559113426772
1.3673469387755 9.5384615384615 1.5473072435269
1.5510204081633 9.5384615384615 1.5622700316187
1.734693877551 9.5384615384615 1.5845692879491
1.9183673469388 9.5384615384615 1.5943370421854
2.1020408163265 9.5384615384615 1.6171374491286
2.2857142857143 9.5384615384615 1.6416502745595
2.469387755102 9.5384615384615 1.6391284730286
2.6530612244898 9.5384615384615 1.6172252418733
2.8367346938776 9.5384615384615 1.5976413694866
3.0204081632653 9.5384615384615 1.5916239429928
3.2040816326531 9.5384615384615 1.5900930710205
3.3877551020408 9.5384615384615 1.5819129489717
3.5714285714286 9.5384615384615 1.5711137204816
3.7551020408163 9.5384615384615 1.5719737976022
3.9387755102041 9.5384615384615 1.5913653796661
4.1224489795918 9.5384615384615 1.6134953379069
4.3061224489796 9.5384615384615 1.6205514541537
4.4897959183673 9.5384615384615 1.6179740085833
4.6734693877551 9.5384615384615 1.6147863548629
4.8571428571429 9.5384615384615 1.6088505948422
5.0408163265306 9.5384615384615 1.6010253897893
5.2244897959184 9.5384615384615 1.5949694805276
5.4081632653061 9.5384615384615 1.5915713234758
5.5918367346939 9.5384615384615 1.5927092894278
5.7755102040816 9.5384615384615 1.5965140231424
5.9591836734694 9.5384615384615 1.5945906769477
6.1428571428571 9.5384615384615 1.5872396182665
6.3265306122449 9.5384615384615 1.586520306544
6.5102040816327 9.5384615384615 1.5965625284107
6.6938775510204 9.5384615384615 1.6073845674827
6.8775510204082 9.5384615384615 1.6101209084317
7.0612244897959 9.5384615384615 1.6079686517055
7.2448979591837 9.5384615384615 1.6058119139332
7.4285714285714 9.5384615384615 1.6014136835768
7.6122448979592 9.5384615384615 1.5960215674468
7.7959183673469 9.5384615384615 1.5955847665815
7.9795918367347 9.5384615384615 1.5945108216325
8.1632653061224 9.5384615384615 1.5811247805038
8.3469387755102 9.5384615384615 1.562440205344
8.530612244898 9.5384615384615 1.5539852960268
8.7142857142857 9.5384615384615 1.556222374186
8.8979591836735 9.5384615384615 1.5664747541078
9.0816326530612 9.5384615384615 1.5843225735013
9.265306122449 9.5384615384615 1.5960936334856
9.4489795918367 9.5384615384615 1.607443605837
9.6326530612245 9.5384615384615 1.6151799580489
9.8163265306122 9.5384615384615 1.6071122699481
10 9.5384615384615 1.5877578625311
1 9.7692307692308 1.5945850580171
1.1836734693878 9.7692307692308 1.5773352649683
1.3673469387755 9.7692307692308 1.558904205549
1.5510204081633 9.7692307692308 1.561032317684
1.734693877551 9.7692307692308 1.5839224179837
1.9183673469388 9.7692307692308 1.5870391930794
2.1020408163265 9.7692307692308 1.5946439712351
2.2857142857143 9.7692307692308 1.6178101759692
2.469387755102 9.7692307692308 1.6244489751144
2.6530612244898 9.7692307692308 1.6063537536522
2.8367346938776 9.7692307692308 1.5857203673595
3.0204081632653 9.7692307692308 1.5797341449419
3.2040816326531 9.7692307692308 1.580171476603
3.3877551020408 9.7692307692308 1.5769909600323
3.5714285714286 9.7692307692308 1.5736640617526
3.7551020408163 9.7692307692308 1.5798746994937
3.9387755102041 9.7692307692308 1.5988243561897
4.1224489795918 9.7692307692308 1.6151990946645
4.3061224489796 9.7692307692308 1.616688987711
4.4897959183673 9.7692307692308 1.6149047432862
4.6734693877551 9.7692307692308 1.615922895918
4.8571428571429 9.7692307692308 1.6086673212575
5.0408163265306 9.7692307692308 1.5951276927143
5.2244897959184 9.7692307692308 1.59041336249
5.4081632653061 9.7692307692308 1.5968813882454
5.5918367346939 9.7692307692308 1.6031905236137
5.7755102040816 9.7692307692308 1.602949836814
5.9591836734694 9.7692307692308 1.6003349731256
6.1428571428571 9.7692307692308 1.6011427636547
6.3265306122449 9.7692307692308 1.6060266195327
6.5102040816327 9.7692307692308 1.6115190750141
6.6938775510204 9.7692307692308 1.6142857454637
6.8775510204082 9.7692307692308 1.6134656102546
7.0612244897959 9.7692307692308 1.6112603579184
7.2448979591837 9.7692307692308 1.6088257073607
7.4285714285714 9.7692307692308 1.6058206553863
7.6122448979592 9.7692307692308 1.602527270262
7.7959183673469 9.7692307692308 1.6021350597847
7.9795918367347 9.7692307692308 1.6077961372118
8.1632653061224 9.7692307692308 1.6108755259413
8.3469387755102 9.7692307692308 1.602665741864
8.530612244898 9.7692307692308 1.590084658812
8.7142857142857 9.7692307692308 1.58489774304
8.8979591836735 9.7692307692308 1.5895994657126
9.0816326530612 9.7692307692308 1.5947287534308
9.265306122449 9.7692307692308 1.6104074427121
9.4489795918367 9.7692307692308 1.6121321290899
9.6326530612245 9.7692307692308 1.5996876592602
9.8163265306122 9.7692307692308 1.5947497922172
10 9.7692307692308 1.5966552037459
1 10 1.595830798149
1.1836734693878 10 1.5924807640967
1.3673469387755 10 1.5761031544936
1.5510204081633 10 1.567503481495
1.734693877551 10 1.5860018316582
1.9183673469388 10 1.5928814532804
2.1020408163265 10 1.590852963681
2.2857142857143 10 1.5951688289643
2.469387755102 10 1.6003357196342
2.6530612244898 10 1.5918331438184
2.8367346938776 10 1.5768233099763
3.0204081632653 10 1.5701023802461
3.2040816326531 10 1.5715679757449
3.3877551020408 10 1.5778339298404
3.5714285714286 10 1.5898389816284
3.7551020408163 10 1.6032542184911
3.9387755102041 10 1.610870855195
4.1224489795918 10 1.6114597174589
4.3061224489796 10 1.6108943710524
4.4897959183673 10 1.6126922879898
4.6734693877551 10 1.6101881022357
4.8571428571429 10 1.5973771129333
5.0408163265306 10 1.5837363977823
5.2244897959184 10 1.5849355191604
5.4081632653061 10 1.6002099830272
5.5918367346939 10 1.6131780196207
5.7755102040816 10 1.6153650332467
5.9591836734694 10 1.6157782004802
6.1428571428571 10 1.623026439122
6.3265306122449 10 1.6297630047311
6.5102040816327 10 1.6260344227961
6.6938775510204 10 1.6171604054313
6.8775510204082 10 1.6130792900006
7.0612244897959 10 1.6104988565253
7.2448979591837 10 1.6029108446472
7.4285714285714 10 1.5956641605923
7.6122448979592 10 1.5921903483725
7.7959183673469 10 1.5913933977791
7.9795918367347 10 1.6000999747493
8.1632653061224 10 1.6151784244847
8.3469387755102 10 1.6189196328729
8.530612244898 10 1.6120967767676
8.7142857142857 10 1.6129701137546
8.8979591836735 10 1.6108300734542
9.0816326530612 10 1.5992426920914
9.265306122449 10 1.6106757168869
9.4489795918367 10 1.6059454217246
9.6326530612245 10 1.5882800136298
9.8163265306122 10 1.584640349661
10 10 1.59372150898
