0	0	188.781879
1	0	189.392238
2	0	190.3077557
3	0	190.3077557
4	0	191.5284598
5	0	191.3453562
6	0	191.8946807
7	0	195.678862
8	0	198.6085602
9	0	193.2374538
10	0	194.1529715
11	0	197.0826696
12	0	198.0592357
13	0	198.2423392
14	0	205.0172532
15	0	206.9703853
16	0	206.4210608
17	0	212.5856158
18	0	211.9142362
19	0	206.4820953
20	0	216.3087626
21	0	212.3414777
22	0	216.5529006
23	0	214.9659895
24	0	218.6891362
25	0	219.7877713
26	0	224.3043667
27	0	220.5201854
28	0	219.1163778
29	0	225.4030018
30	0	229.5533902
31	0	246.5211923
32	0	247.8639516
33	0	268.8600731
34	0	281.2502176
35	0	283.9967983
36	0	295.8986389
37	0	314.2092142
38	0	326.1721171
39	0	355.8962569
40	0	383.240023
41	0	394.2874083
42	0	412.170742
43	0	419.0066905
44	0	426.452984
45	0	429.6268064
46	0	423.0960304
47	0	409.9734718
48	0	397.5833274
49	0	392.700511
50	0	369.9343609
50	1	346.0085551
49	1	352.6003656
48	1	367.7370908
47	1	389.4656264
46	1	399.2312592
45	1	399.7195352
44	1	402.4050815
43	1	411.0110863
42	1	415.2224953
41	1	420.2273807
40	1	406.6775805
39	1	393.8601667
38	1	378.2351377
37	1	366.0281245
36	1	350.2810264
35	1	320.8010246
34	1	304.5046437
33	1	285.3395575
32	1	272.1559644
31	1	257.0802737
30	1	247.8639516
29	1	238.4645537
28	1	232.2389364
27	1	227.722341
26	1	224.0602287
25	1	221.0084615
24	1	216.6749696
23	1	213.7452854
22	1	209.7780005
21	1	210.6935321
20	1	206.5431298
19	1	203.8575836
18	1	204.5289771
17	1	204.7731151
16	1	203.2472385
15	1	199.1578708
14	1	198.2423392
13	1	197.3878561
12	1	196.289221
11	1	195.800931
10	1	195.0074685
9	1	193.9698679
8	1	194.946434
7	1	195.190572
6	1	193.0543364
5	1	192.0167497
4	1	191.2843217
3	1	191.5284598
2	1	190.4298247
1	1	190.2467212
0	1	189.0870516
0	2	187.8663475
1	2	188.1104994
2	2	188.537741
3	2	189.1480861
4	2	190.3077557
5	2	188.8429135
6	2	189.636376
7	2	189.6974106
8	2	190.2467212
9	2	192.5660603
10	2	192.0167497
11	2	192.8712329
12	2	193.1764193
13	2	194.0309025
14	2	195.434724
15	2	196.41129
16	2	197.8761321
17	2	198.7916637
18	2	199.5240778
19	2	200.0123539
20	2	201.5382305
21	2	204.5289771
22	2	206.4820953
23	2	208.5572964
24	2	210.6935321
25	2	213.6232163
26	2	220.703289
27	2	223.6940078
28	2	229.1261486
29	2	236.6945251
30	2	245.4835779
31	2	257.9957914
32	2	270.7521707
33	2	281.9215972
34	2	295.2882938
35	2	318.2985819
36	2	341.0036697
37	2	363.7698198
38	2	379.6999937
39	2	397.0950235
40	2	404.6633584
41	2	411.9266039
42	2	413.6966325
43	2	408.1424365
44	2	397.156058
45	2	390.2590751
46	2	377.563758
47	2	360.9011701
48	2	344.5437269
49	2	324.6462266
50	2	297.7907643
50	3	280.2736654
49	3	290.2834084
48	3	307.9226041
47	3	324.5241575
46	3	350.708268
45	3	372.009562
44	3	388.9162881
43	3	389.9539025
42	3	394.8367466
41	3	407.7151672
40	3	414.0018051
39	3	410.8890173
38	3	400.2688458
37	3	391.0525515
36	3	375.1833844
35	3	364.0139579
34	3	346.4357967
33	3	317.8713404
32	3	299.8659654
31	3	283.1423151
30	3	269.1042111
29	3	256.5309631
28	3	246.8263649
27	3	238.5866227
26	3	231.1403013
25	3	230.1027008
24	3	222.2902001
23	3	219.9708748
22	3	215.149093
21	3	212.8297538
20	3	211.8531878
19	3	211.5480152
18	3	209.350759
17	3	205.4445086
16	3	205.3834741
15	3	204.8341496
14	3	205.2613912
13	3	204.4069081
12	3	202.4537621
11	3	201.5992651
10	3	200.9278716
9	3	200.378561
8	3	197.9982012
7	3	196.1061175
6	3	197.2657732
5	3	196.2281865
4	3	195.190572
3	3	194.214006
2	3	193.9698679
1	3	192.9322674
0	3	191.7115633
0	4	190.8570801
1	4	191.5284598
2	4	191.7725978
3	4	191.5894943
4	4	192.8712329
5	4	193.4815919
6	4	191.7115633
7	4	193.1153709
8	4	195.3126411
9	4	195.9840484
10	4	197.3268215
11	4	196.0450829
12	4	197.2047387
13	4	198.8526982
14	4	199.5240778
15	4	198.9137327
16	4	202.2706447
17	4	203.6744801
18	4	204.3458736
19	4	206.6652127
20	4	208.4352274
21	4	209.350759
22	4	214.1114924
23	4	214.0504579
24	4	218.9332743
25	4	224.2433322
26	4	229.0040796
27	4	236.450387
28	4	244.8732328
29	4	254.9440381
30	4	267.3342103
31	4	279.9684651
32	4	299.4997583
33	4	315.3078632
34	4	333.6794729
35	4	357.9104235
36	4	379.7610282
37	4	393.7380977
38	4	404.6023239
39	4	410.7059137
40	4	415.2224953
41	4	414.0628396
42	4	406.1892489
43	4	394.7146776
44	4	389.9539025
45	4	372.4368036
46	4	353.5769177
47	4	331.1159957
48	4	307.0681209
49	4	287.7199312
50	4	272.5832338
50	5	260.9254757
49	5	267.3952448
48	5	280.6398725
47	5	302.2463391
46	5	320.0686105
45	5	344.3606233
44	5	361.3284116
43	5	383.1789885
42	5	388.4890465
41	5	389.0994194
40	5	396.789851
39	5	409.8514028
38	5	408.8138161
37	5	402.588185
36	5	395.2029537
35	5	383.6062301
34	5	366.6995041
33	5	352.5393311
32	5	326.8434967
31	5	308.2888111
30	5	291.1989538
29	5	277.2218843
28	5	264.2213948
27	5	256.5919976
26	5	243.225301
25	5	237.7931463
24	5	231.5675429
23	5	228.2716516
22	5	222.3512346
21	5	218.6891362
20	5	215.027024
19	5	211.4869807
18	5	211.7921533
17	5	210.2052421
16	5	208.2521239
15	5	208.4352274
14	5	206.4820953
13	5	202.0875411
12	5	201.5992651
11	5	201.4161615
10	5	199.2799398
9	5	199.5851123
8	5	198.6695947
7	5	198.2423392
6	5	196.1061175
5	5	196.7774971
4	5	196.533359
3	5	196.289221
2	5	195.923
1	5	194.2750405
0	5	194.5802269
0	6	192.3829568
1	6	192.5050258
2	6	192.6881293
3	6	193.6646954
4	6	193.4205573
5	6	193.9088334
6	6	193.4815919
7	6	198.4254427
8	6	196.4723245
9	6	197.2657732
10	6	197.7540631
11	6	198.4864773
12	6	197.6319941
13	6	198.8526982
14	6	199.8292504
15	6	201.6602996
16	6	203.3693075
17	6	204.284839
18	6	206.4820953
19	6	206.4820953
20	6	208.6183309
21	6	211.9752707
22	6	215.271162
23	6	218.3229153
24	6	221.679855
25	6	230.2858182
26	6	234.1920546
27	6	241.9435485
28	6	250.3663943
29	6	259.8268545
30	6	276.1842977
31	6	293.9455346
32	6	310.6081503
33	6	324.7072611
34	6	349.8537848
35	6	374.3289012
36	6	392.82258
37	6	402.588185
38	6	410.9500518
39	6	417.4197654
40	6	416.6873513
41	6	405.3347658
42	6	395.3860572
43	6	389.6487299
44	6	372.6199072
45	6	357.0559126
46	6	330.5666574
47	6	308.1667421
48	6	290.2834084
49	6	276.0011941
50	6	260.0709925
50	7	253.1740095
49	7	259.0944403
48	7	269.2262802
47	7	286.743379
46	7	306.6408516
45	7	322.7541567
44	7	347.9616872
43	7	362.9153367
42	7	389.1604539
41	7	387.0242182
40	7	388.550081
39	7	393.6770632
38	7	404.3581858
37	7	408.6917471
36	7	402.4050815
35	7	394.5315463
34	7	384.7659136
33	7	369.4460848
32	7	356.384533
31	7	330.1394158
30	7	311.2184954
29	7	292.9079201
28	7	278.6257058
27	7	263.1227458
26	7	253.2960786
25	7	245.7887782
24	7	238.1593811
23	7	234.3141237
22	7	230.5909907
21	7	225.5250708
20	7	219.2994814
19	7	216.125659
18	7	213.0128574
17	7	211.3038772
16	7	208.984538
15	7	207.3365923
14	7	205.3834741
13	7	204.16277
12	7	201.7823686
11	7	201.7823686
10	7	200.9278716
9	7	199.1578708
8	7	198.1813047
7	7	196.8385316
6	7	195.923
5	7	196.1061175
4	7	196.4723245
3	7	198.1813047
2	7	195.800931
1	7	194.1529715
0	7	194.8853995
0	8	196.6554281
1	8	190.9181147
2	8	191.0401837
3	8	192.4439913
4	8	191.8946807
5	8	192.4439913
6	8	193.3595228
7	8	193.8477989
8	8	199.2799398
9	8	199.0968362
10	8	199.7071813
11	8	198.4864773
12	8	203.2472385
13	8	199.1578708
14	8	203.1251417
15	8	205.8717502
16	8	208.5572964
17	8	213.5621818
18	8	213.6232163
19	8	212.3414777
20	8	210.9376701
21	8	221.9239931
22	8	226.4406024
23	8	226.867844
24	8	236.450387
25	8	239.0748988
26	8	241.9435485
27	8	250.7936359
28	8	266.1134924
29	8	281.3722866
30	8	291.931368
31	8	311.5847025
32	8	324.9513991
33	8	351.0134405
34	8	373.2913145
35	8	386.4749076
36	8	394.7146776
37	8	403.9309442
38	8	413.2693632
39	8	410.6448515
40	8	401.9778121
41	8	389.2825229
42	8	386.7190457
43	8	369.5071193
44	8	349.4875778
45	8	328.7966566
46	8	308.2888111
47	8	288.2082351
48	8	272.8273718
49	8	258.545102
50	8	248.2911932
50	9	237.6710773
49	9	240.295589
48	9	247.8029171
47	9	264.9538089
46	9	280.5788379
45	9	301.4528627
44	9	319.4582376
43	9	335.0222322
42	9	357.4831819
41	9	377.3806545
40	9	382.8127815
39	9	382.0193328
38	9	384.9490171
37	9	397.3391893
36	9	407.7762017
35	9	406.2502834
34	9	395.2029537
33	9	382.6296779
32	9	377.441689
31	9	362.3049638
30	9	347.5954802
29	9	324.5851921
28	9	306.21361
27	9	292.9689547
26	9	276.9777463
25	9	264.1603603
24	9	254.211624
23	9	247.0705029
22	9	238.6476572
21	9	234.0089511
20	9	228.2716516
19	9	222.7174556
18	9	218.5060327
17	9	218.4449843
16	9	215.5153001
15	9	215.393231
14	9	211.6090497
13	9	206.2989918
12	9	202.3927276
11	9	207.7027994
10	9	202.7589346
9	9	203.6744801
8	9	205.9938192
7	9	197.8150976
6	9	203.308273
5	9	202.2096102
4	9	201.8434031
3	9	199.2189053
2	9	199.4020088
1	9	199.5851123
0	9	197.6930286
0	10	192.3219223
1	10	191.1622527
2	10	191.1012182
3	10	194.1529715
4	10	196.6554281
5	10	196.2281865
6	10	196.167152
7	10	197.6930286
8	10	196.1061175
9	10	198.0592357
10	10	196.7164626
11	10	199.1578708
12	10	199.2799398
13	10	201.1720235
14	10	202.6368656
15	10	204.040701
16	10	205.9938192
17	10	206.1158882
18	10	210.3883456
19	10	211.7921533
20	10	214.7828859
21	10	217.6515357
22	10	221.0084615
23	10	230.4689217
24	10	232.4830745
25	10	239.7462784
26	10	249.3288076
27	10	258.1788949
28	10	270.9352742
29	10	281.2502176
30	10	297.4245572
31	10	318.4816855
32	10	340.7595317
33	10	362.3659983
34	10	371.765424
35	10	388.794219
36	10	395.4470917
37	10	402.7712885
38	10	404.9075242
39	10	395.0198502
40	10	384.6438446
41	10	380.3103388
42	10	366.8215731
43	10	347.1682386
44	10	326.2941861
45	10	306.0305065
46	10	286.8044136
47	10	273.3766824
48	10	260.8034066
49	10	245.727716
50	10	241.882514
50	11	234.5582895
49	11	234.985531
48	11	242.7369972
47	11	251.6481468
46	11	264.2824293
45	11	281.4943556
44	11	300.1711379
43	11	317.6882368
42	11	339.7829795
41	11	361.9387567
40	11	377.3806545
39	11	380.5544768
38	11	379.0286141
37	11	383.117954
36	11	387.9397359
35	11	399.6585007
34	11	401.123329
33	11	395.0198502
32	11	385.0710861
31	11	372.009562
30	11	358.0324925
29	11	345.8864861
28	11	332.0315134
27	11	307.678466
26	11	290.0392704
25	11	277.5270569
24	11	263.9161945
23	11	253.235044
22	11	245.4835779
21	11	236.8776286
20	11	234.4362204
19	11	229.0651141
18	11	221.9850276
17	11	219.7267229
16	11	215.2101275
15	11	212.0363052
14	11	211.4259462
13	11	208.3131584
12	11	206.6041643
11	11	204.5289771
10	11	202.8199692
9	11	203.552411
8	11	201.1720235
7	11	202.8199692
6	11	209.594897
5	11	209.1676415
4	11	207.0314198
3	11	207.3365923
2	11	197.9982012
1	11	199.5240778
0	11	196.289221
0	12	195.6178275
1	12	195.1295375
2	12	196.167152
3	12	196.7774971
4	12	197.4488906
5	12	196.7164626
6	12	198.7916637
7	12	197.6930286
8	12	200.1344229
9	12	200.3175265
10	12	203.6134455
11	12	202.6368656
12	12	203.0641072
13	12	205.3224257
14	12	207.0314198
15	12	209.106607
16	12	208.9235035
17	12	211.2428427
18	12	215.6373691
19	12	218.0177427
20	12	219.4825849
21	12	222.1070966
22	12	226.9288785
23	12	232.9103299
24	12	240.5397548
25	12	247.8029171
26	12	257.9957914
27	12	272.1559644
28	12	289.0627182
29	12	303.9553054
30	12	319.3361686
31	12	342.1023187
32	12	367.4319182
33	12	382.0193328
34	12	390.9304824
35	12	397.033989
36	12	405.5178693
37	12	404.9075242
38	12	397.8884999
39	12	387.8176669
40	12	381.0427529
41	12	370.6668028
42	12	350.586199
43	12	331.4822028
44	12	309.8147017
45	12	289.9782359
46	12	273.0715098
47	12	261.596883
48	12	249.6339802
49	12	240.3566235
50	12	234.4362204
50	13	228.8209622
49	13	232.9713644
48	13	240.417658
47	13	247.7418826
46	13	258.667171
45	13	269.1652456
44	13	280.3346999
43	13	306.7018861
42	13	322.9372603
41	13	343.3840434
40	13	363.7698198
39	13	382.0193328
38	13	384.460741
37	13	382.3245054
36	13	383.6672646
35	13	388.9162881
34	13	400.7571219
33	13	405.0906277
32	13	402.4050815
31	13	392.8836145
30	13	380.0662007
29	13	367.0046766
28	13	352.9055381
27	13	343.933354
26	13	313.9650762
25	13	301.9411665
24	13	288.6965111
23	13	274.2311656
22	13	260.6203031
21	13	252.2584919
20	13	241.2721689
19	13	238.7697262
18	13	229.6754592
17	13	223.6329733
16	13	222.7784901
15	13	222.2291656
14	13	218.6281017
13	13	216.3697971
12	13	215.6373691
11	13	211.6700842
10	13	206.3600263
9	13	204.040701
8	13	204.9562187
7	13	202.8810037
6	13	200.0123539
5	13	201.110989
4	13	200.0733884
3	13	199.0358017
2	13	198.4254427
1	13	196.5943935
0	13	196.0450829
0	14	196.41129
1	14	196.9606006
2	14	196.4723245
3	14	196.6554281
4	14	199.7071813
5	14	197.5709596
6	14	201.5382305
7	14	199.4020088
8	14	202.0875411
9	14	203.0641072
10	14	203.430342
11	14	205.9327847
12	14	207.0314198
13	14	206.6652127
14	14	207.9469374
15	14	209.7780005
16	14	210.3883456
17	14	213.7452854
18	14	216.1866935
19	14	217.7736047
20	14	221.2526135
21	14	225.2198983
22	14	232.1168674
23	14	241.3332034
24	14	248.4743244
25	14	256.3478596
26	14	273.9870275
27	14	284.7902469
28	14	305.1760233
29	14	318.2985819
30	14	337.3415713
31	14	364.2580959
32	14	380.4934423
33	14	388.0618049
34	14	393.4939596
35	14	399.1091901
36	14	402.8933576
37	14	394.2263738
38	14	384.5217755
39	14	377.9909996
40	14	367.4929527
41	14	350.4641299
42	14	327.1486693
43	14	304.8708508
44	14	287.1095861
45	14	272.1559644
46	14	260.6203031
47	14	249.9391527
48	14	241.3332034
49	14	235.1686346
50	14	230.6520253
50	15	223.2667662
49	15	233.5817095
48	15	240.0514509
47	15	248.4132899
46	15	253.0519405
45	15	264.4044983
44	15	277.3439534
43	15	290.588581
42	15	316.0402773
41	15	329.5290707
40	15	351.6848202
39	15	367.2488147
38	15	386.5969767
37	15	386.1086728
36	15	383.0569195
35	15	385.9255693
34	15	388.6111155
33	15	396.1795059
32	15	406.5555115
31	15	407.8372362
30	15	399.4143627
29	15	392.1512004
28	15	380.5544768
27	15	361.0232391
26	15	353.5158832
25	15	325.9279791
24	15	308.8991563
23	15	294.0065691
22	15	283.5085222
21	15	268.6159351
20	15	257.9957914
19	15	246.4601578
18	15	236.1452145
17	15	228.9430312
16	15	226.5016369
15	15	223.5719387
14	15	217.7125702
13	15	217.5905012
12	15	226.3795679
11	15	217.4684322
10	15	218.2618808
9	15	217.8956737
8	15	216.125659
7	15	206.8483163
6	15	203.8575836
5	15	202.1485757
4	15	200.378561
3	15	199.5851123
2	15	199.7071813
1	15	199.5851123
0	15	198.6695947
0	16	206.4210608
1	16	204.5289771
2	16	200.6837335
3	16	203.1251417
4	16	201.1720235
5	16	204.3458736
6	16	208.1300549
7	16	207.0314198
8	16	207.4586614
9	16	207.3365923
10	16	209.5338625
11	16	211.8531878
12	16	211.7311187
13	16	214.7828859
14	16	215.5763346
15	16	216.6749696
16	16	214.7828859
17	16	218.4449843
18	16	222.3512346
19	16	227.4171546
20	16	234.4972549
21	16	236.8165941
22	16	241.8214795
23	16	251.0378017
24	16	264.4655328
25	16	272.4611647
26	16	286.1940684
27	16	305.7253339
28	16	321.1672317
29	16	344.6047614
30	16	362.4880673
31	16	381.8972638
32	16	391.113586
33	16	396.91192
34	16	406.3724079
35	16	403.5647372
36	16	393.0056836
37	16	388.6111155
38	16	386.1086728
39	16	372.3757691
40	16	354.0651938
41	16	333.4353071
42	16	315.3688977
43	16	296.9362811
44	16	279.7853615
45	16	263.1227458
46	16	257.2023428
47	16	245.6666814
48	16	240.0514509
49	16	237.3048702
50	16	230.7740943
50	17	229.1261486
49	17	229.6144247
48	17	233.642744
47	17	239.1969678
46	17	245.4835779
45	17	254.211624
44	17	260.5592686
43	17	277.8322572
42	17	291.3210229
41	17	309.6926326
40	17	319.9465137
39	17	338.0739855
38	17	356.5676365
37	17	370.6668028
36	17	377.0144474
35	17	374.5730393
34	17	375.3054534
33	17	377.8078961
32	17	385.1931552
31	17	400.8181564
30	17	402.1609434
29	17	394.4705118
28	17	378.3572067
27	17	366.9436421
26	17	350.6472335
25	17	340.1491866
24	17	321.1061972
23	17	303.8942709
22	17	290.8937813
21	17	281.6774591
20	17	264.9538089
19	17	251.6481468
18	17	246.8263649
17	17	244.7511638
16	17	234.5582895
15	17	231.7506603
14	17	221.0084615
13	17	224.6095393
12	17	218.4449843
11	17	216.6139351
10	17	213.7452854
9	17	214.2335614
8	17	209.2286761
7	17	210.9376701
6	17	208.4962619
5	17	209.5338625
4	17	208.1910894
3	17	204.284839
2	17	203.6134455
1	17	204.5289771
0	17	202.9420382
0	18	203.6744801
1	18	199.5240778
2	18	200.6837335
3	18	200.8058025
4	18	203.4913765
5	18	201.6602996
6	18	201.8434031
7	18	203.430342
8	18	205.6276122
9	18	205.9327847
10	18	208.0079858
11	18	208.0079858
12	18	208.6793655
13	18	214.9049549
14	18	215.027024
15	18	217.7736047
16	18	218.2618808
17	18	222.5953866
18	18	227.4781891
19	18	238.5255882
20	18	234.985531
21	18	242.4318246
22	18	253.7843824
23	18	266.0524578
24	18	276.4894702
25	18	289.0627182
26	18	304.6267127
27	18	330.9328922
28	18	351.928986
29	18	360.534963
30	18	380.1882698
31	18	391.479793
32	18	398.6819486
33	18	404.4802548
34	18	401.00126
35	18	389.8318335
36	18	382.995885
37	18	375.0002808
38	18	355.0417738
39	18	342.6516293
40	18	320.9841282
41	18	302.2463391
42	18	287.9030347
43	18	274.4142691
44	18	253.7233479
45	18	243.5915081
46	18	241.882514
47	18	235.9010765
48	18	231.1403013
49	18	225.0978293
50	18	221.069496
50	19	217.8346392
49	19	216.3087626
48	19	222.9615936
47	19	227.1730165
46	19	229.9806318
45	19	237.6710773
44	19	245.727716
43	19	255.3102452
42	19	270.8132052
41	19	284.1799018
40	19	297.4855917
39	19	314.3312832
38	19	338.13502
37	19	348.3889288
36	19	362.9153367
35	19	378.6013725
34	19	378.2351377
33	19	375.732695
32	19	380.0051662
31	19	383.4231266
30	19	395.2029537
29	19	398.5598795
28	19	385.7424657
27	19	382.2634709
26	19	372.6809417
25	19	358.5207686
24	19	345.5202791
23	19	326.6603932
22	19	308.5939837
21	19	296.4479773
20	19	284.6681779
19	19	267.8224864
18	19	256.5309631
17	19	249.6950147
16	19	239.8073129
15	19	234.6803585
14	19	230.2858182
13	19	226.867844
12	19	225.3419673
11	19	221.679855
10	19	217.8956737
9	19	216.0646245
8	19	217.2242941
7	19	209.106607
6	19	211.4869807
5	19	210.6324976
4	19	201.8434031
3	19	200.50063
2	19	198.5475118
1	19	199.2799398
0	19	198.4254427
0	20	196.9606006
1	20	196.7164626
2	20	196.7774971
3	20	197.2047387
4	20	197.6319941
5	20	198.4254427
6	20	199.9513333
7	20	200.3175265
8	20	201.477196
9	20	203.4913765
10	20	204.4069081
11	20	205.0172532
12	20	207.4586614
13	20	210.1442076
14	20	213.8063199
15	20	214.5997824
16	20	218.9332743
17	20	222.9615936
18	20	229.3092521
19	20	237.1217667
20	20	243.8356461
21	20	253.4181476
22	20	266.662803
23	20	278.0763952
24	20	294.4948452
25	20	308.1667421
26	20	326.7824622
27	20	346.1306242
28	20	363.3425782
29	20	372.4368036
30	20	381.5310567
31	20	390.8084134
32	20	392.700511
33	20	386.7800802
34	20	380.9206839
35	20	373.0471487
36	20	366.4553661
37	20	352.4782966
38	20	334.167749
39	20	321.2282662
40	20	297.6076607
41	20	281.3112521
42	20	267.0900445
43	20	256.2868251
44	20	244.3239222
45	20	236.6945251
46	20	230.2858182
47	20	226.3185195
48	20	222.1070966
49	20	220.6422545
50	20	217.2853286
50	21	214.1114924
49	21	216.1866935
48	21	215.7594381
47	21	219.8488058
46	21	224.6705738
45	21	230.2247698
44	21	235.5348694
43	21	243.6525426
42	21	254.7609346
41	21	266.6017684
40	21	280.3346999
39	21	296.6310808
38	21	315.3688977
37	21	329.1018291
36	21	350.6472335
35	21	365.3567449
34	21	374.3899357
33	21	373.0471487
32	21	371.643355
31	21	374.6951083
30	21	382.1414019
29	21	393.4329251
28	21	392.6394765
27	21	385.5593622
26	21	375.732695
25	21	365.1125791
24	21	349.4875778
23	21	335.5105083
22	21	312.5002479
21	21	297.9738678
20	21	283.0812806
19	21	270.9352742
18	21	256.7140667
17	21	246.3380888
16	21	239.5021403
15	21	232.4830745
14	21	228.7599277
13	21	223.2667662
12	21	220.3370819
11	21	217.5905012
10	21	216.2477281
9	21	212.1583742
8	21	209.716966
7	21	208.7404
6	21	206.9093508
5	21	205.2613912
4	21	203.430342
3	21	202.3927276
2	21	201.7823686
1	21	200.0733884
0	21	198.9137327
0	22	211.2428427
1	22	208.3131584
2	22	208.8014345
3	22	210.5714492
4	22	210.5104147
5	22	211.5480152
6	22	213.3180438
7	22	214.294596
8	22	210.0831731
9	22	218.2618808
10	22	211.9142362
11	22	214.9659895
12	22	225.4030018
13	22	226.8068094
14	22	231.9947984
15	22	229.7975282
16	22	236.2672835
17	22	236.5724561
18	22	237.3659047
19	22	252.0143538
20	22	261.1696137
21	22	269.5314527
22	22	280.1515686
23	22	297.6076607
24	22	312.0119441
25	22	331.4211683
26	22	350.952406
27	22	366.5164006
28	22	382.4465744
29	22	388.0618049
30	22	399.1702247
31	22	400.0857423
32	22	391.0525515
33	22	384.1555685
34	22	380.7375804
35	22	369.7512574
36	22	353.4548487
37	22	339.9050486
38	22	321.1672317
39	22	304.1994434
40	22	284.6071434
41	22	271.6676883
42	22	260.8034066
43	22	250.5494978
44	22	243.0421697
45	22	236.7555596
46	22	229.4923557
47	22	228.2106171
48	22	226.3795679
49	22	223.2667662
50	22	220.0929439
50	23	209.472828
49	23	213.6232163
48	23	217.8956737
47	23	219.9708748
46	23	216.7970387
45	23	225.7692089
44	23	229.4923557
43	23	235.7790074
42	23	240.1124855
41	23	247.43671
40	23	256.2868251
39	23	270.2028601
38	23	279.602258
37	23	300.1711379
36	23	318.1765129
35	23	333.4963694
34	23	353.0276071
33	23	367.7370908
32	23	377.31962
31	23	377.1365165
30	23	379.2117176
29	23	381.4700222
28	23	388.9773503
27	23	395.9353678
26	23	391.2966895
25	23	382.1414019
24	23	370.8499063
23	23	358.0324925
22	23	339.1115999
21	23	324.7682956
20	23	304.1384089
19	23	289.9782359
18	23	276.3063667
17	23	265.6251885
16	23	252.1974574
15	23	243.34737
14	23	236.5114216
13	23	231.3234049
12	23	227.9054445
11	23	220.5201854
10	23	217.3463631
9	23	213.9894234
8	23	217.6515357
7	23	215.3321965
6	23	214.8439204
5	23	213.9283889
4	23	211.7311187
3	23	204.6510461
2	23	203.4913765
1	23	202.3927276
0	23	207.0314198
0	24	202.6979001
1	24	199.1578708
2	24	203.1251417
3	24	203.6744801
4	24	204.9562187
5	24	206.2989918
6	24	206.3600263
7	24	209.839035
8	24	210.4493801
9	24	211.9752707
10	24	215.0880585
11	24	214.7828859
12	24	221.1305444
13	24	219.7267229
14	24	221.679855
15	24	233.9479166
16	24	242.5538936
17	24	240.7838928
18	24	250.3053598
19	24	260.9865102
20	24	272.8273718
21	24	288.6965111
22	24	304.0773744
23	24	315.9182083
24	24	335.9377498
25	24	360.8401355
26	24	371.887493
27	24	380.9817184
28	24	391.479793
29	24	389.4656264
30	24	391.357724
31	24	389.7097645
32	24	383.117954
33	24	380.2493043
34	24	368.9578087
35	24	352.7834691
36	24	333.9846455
37	24	314.1481797
38	24	295.2272593
39	24	280.5788379
40	24	265.564154
41	24	259.5216819
42	24	250.7326013
43	24	242.6149281
44	24	238.0373121
45	24	233.7648131
46	24	229.4313212
47	24	227.1730165
48	24	223.9991942
49	24	218.2008463
50	24	216.5529006
50	25	206.7262472
49	25	207.6417649
48	25	209.594897
47	25	211.6090497
46	25	214.416665
45	25	217.7125702
44	25	220.2150129
43	25	224.6705738
42	25	231.0182323
41	25	236.8776286
40	25	244.0187497
39	25	254.2726585
38	25	266.2355614
37	25	281.5553901
36	25	296.9362811
35	25	312.3171444
34	25	329.6511397
33	25	346.1916587
32	25	361.1453081
31	25	369.4460848
30	25	368.4695327
29	25	369.6902229
28	25	373.4744181
27	25	382.4465744
26	25	389.3435574
25	25	383.5451956
24	25	376.2209988
23	25	367.0657112
22	25	352.7224346
21	25	336.4870882
20	25	322.7541567
19	25	303.6501328
18	25	289.8561668
17	25	274.9635797
16	25	264.099298
15	25	253.9674859
14	25	244.0797842
13	25	236.206249
12	25	231.9337639
11	25	225.8302434
10	25	221.4967515
9	25	218.6281017
8	25	216.3697971
7	25	214.294596
6	25	212.5856158
5	25	208.6183309
4	25	207.6417649
3	25	205.5665776
2	25	204.4679426
1	25	203.9186181
0	25	203.0030727
0	26	201.7823686
1	26	202.4537621
2	26	202.5758311
3	26	204.16277
4	26	205.3834741
5	26	206.3600263
6	26	207.9469374
7	26	208.984538
8	26	211.0597391
9	26	213.6842508
10	26	215.393231
11	26	218.6891362
12	26	222.2291656
13	26	225.2809328
14	26	229.0040796
15	26	235.4738349
16	26	242.6149281
17	26	252.3805609
18	26	262.5734352
19	26	275.3298145
20	26	288.9406492
21	26	300.8425176
22	26	316.1013118
23	26	337.4636404
24	26	353.8210558
25	26	366.8215731
26	26	375.6106259
27	26	383.4841611
28	26	387.7566324
29	26	385.1321206
30	26	379.8830972
31	26	372.9250797
32	26	368.4695327
33	26	353.2717452
34	26	338.3181235
35	26	320.3127485
36	26	300.5983795
37	26	285.4616266
38	26	270.6911362
39	26	258.4840675
40	26	247.6198135
41	26	239.5631749
42	26	233.276537
43	26	228.5157896
44	26	223.8160907
45	26	222.412283
46	26	219.2994814
47	26	216.4308316
48	26	213.8673544
49	26	213.6842508
50	26	209.9000695
50	27	211.4259462
49	27	214.416665
48	27	215.5763346
47	27	218.5060327
46	27	218.6281017
45	27	222.9615936
44	27	225.7692089
43	27	229.0651141
42	27	231.0792668
41	27	237.9762776
40	27	239.8683474
39	27	243.1032042
38	27	259.9489235
37	27	273.2546134
36	27	286.9264826
35	27	299.7438964
34	27	319.1530651
33	27	336.0598189
32	27	354.3703664
31	27	368.6526362
30	27	377.7468616
29	27	376.9534129
28	27	376.3430678
27	27	379.2727521
26	27	387.8787014
25	27	394.9588157
24	27	393.0667181
23	27	386.4749076
22	27	374.9392463
21	27	360.412894
20	27	346.6799625
19	27	336.2429501
18	27	312.1950753
17	27	297.9128333
16	27	283.1423151
15	27	272.0949299
14	27	257.3854463
13	27	251.4040087
12	27	244.4459912
11	27	237.9762776
10	27	232.2999709
9	27	226.7457749
8	27	225.7692089
7	27	223.2057317
6	27	217.7736047
5	27	217.4073976
4	27	215.3321965
3	27	215.5153001
2	27	213.1959609
1	27	209.0455725
0	27	208.6183309
0	28	208.1910894
1	28	206.8483163
2	28	209.1676415
3	28	209.1676415
4	28	210.5714492
5	28	213.0738919
6	28	214.1114924
7	28	215.2101275
8	28	214.9659895
9	28	219.4215504
10	28	222.5953866
11	28	225.4030018
12	28	230.5909907
13	28	234.5582895
14	28	240.6007893
15	28	248.4743244
16	28	261.3527172
17	28	272.8273718
18	28	280.945045
19	28	300.3542415
20	28	313.2936965
21	28	330.7497609
22	28	351.5627511
23	28	365.3567449
24	28	374.8171773
25	28	382.0193328
26	28	388.4890465
27	28	391.0525515
28	28	380.5544768
29	28	379.5168901
30	28	368.4084982
31	28	365.6008829
32	28	350.7693025
33	28	335.9377498
34	28	320.1906795
35	28	299.6218273
36	28	282.8981771
37	28	269.5314527
38	28	258.667171
39	28	248.8405315
40	28	241.8214795
41	28	236.8165941
42	28	230.5909907
43	28	227.6002581
44	28	223.9381597
45	28	221.8629586
46	28	219.2994814
47	28	216.00359
48	28	214.5387479
49	28	212.0973397
50	28	211.3038772
50	29	205.2003567
49	29	205.4445086
48	29	205.3834741
47	29	207.2145233
46	29	208.862469
45	29	211.3038772
44	29	212.1583742
43	29	217.4684322
42	29	219.2384468
41	29	221.6188205
40	29	225.2198983
39	29	229.2482176
38	29	236.328318
37	29	243.7135771
36	29	251.3429742
35	29	263.4279184
34	29	276.2453322
33	29	290.3444429
32	29	305.847403
31	29	323.7917434
30	29	340.5153937
29	29	350.586199
28	29	364.1970614
27	29	365.6008829
26	29	369.3850503
25	29	374.7561428
24	29	383.1789885
23	29	384.0334994
22	29	377.1365165
21	29	367.8591598
20	29	355.1028083
19	29	342.7126638
18	29	326.9045312
17	29	307.9226041
16	29	294.6779487
15	29	278.0153607
14	29	267.3952448
13	29	256.1036938
12	29	244.9953018
11	29	238.2204156
10	29	232.8492954
9	29	229.2482176
8	29	224.2433322
7	29	219.9098403
6	29	216.4918661
5	29	216.3087626
4	29	213.6842508
3	29	211.9142362
2	29	210.0831731
1	29	209.2897244
0	29	206.0548537
0	30	206.1769228
1	30	208.3741929
2	30	208.0079858
3	30	209.6559315
4	30	209.4117935
5	30	213.3180438
6	30	216.7360041
7	30	216.1866935
8	30	219.5436194
9	30	223.5109042
10	30	226.4406024
11	30	230.8351288
12	30	237.4269392
13	30	242.3097556
14	30	250.9767394
15	30	260.7423721
16	30	272.7053028
17	30	286.4382065
18	30	302.2463391
19	30	317.6272023
20	30	334.9001632
21	30	355.1028083
22	30	365.5398484
23	30	375.732695
24	30	384.338672
25	30	390.014937
26	30	381.8362293
27	30	377.7468616
28	30	370.9109409
29	30	367.1877802
30	30	356.5676365
31	30	341.9802497
32	30	323.7307089
33	30	305.7863684
34	30	288.9406492
35	30	275.8180906
36	30	264.099298
37	30	254.089555
38	30	248.2301587
39	30	236.9996976
40	30	231.9947984
41	30	226.8068094
42	30	221.1915789
43	30	221.7408895
44	30	218.0787773
45	30	213.0738919
46	30	214.5997824
47	30	210.0831731
48	30	210.6324976
49	30	207.4586614
50	30	205.7496812
50	31	201.477196
49	31	201.2940925
48	31	202.2706447
47	31	203.186204
46	31	204.6510461
45	31	208.9235035
44	31	210.2662766
43	31	213.3180438
42	31	215.271162
41	31	215.2101275
40	31	219.1163778
39	31	221.9239931
38	31	228.8209622
37	31	233.154468
36	31	242.3097556
35	31	252.1364229
34	31	267.7004174
33	31	273.5597859
32	31	289.7340978
31	31	304.9318853
30	31	323.0593293
29	31	337.3415713
28	31	347.1072041
27	31	363.8918888
26	31	364.868441
25	31	368.6526362
24	31	372.1926656
23	31	381.8972638
22	31	381.2869187
21	31	374.9392463
20	31	364.6853375
19	31	352.2341585
18	31	336.7922607
17	31	324.9513991
16	31	306.21361
15	31	292.6637821
14	31	283.3864532
13	31	272.4611647
12	31	257.1413082
11	31	250.7326013
10	31	243.8356461
9	31	238.7086917
8	31	230.6520253
7	31	227.4171546
6	31	221.7408895
5	31	220.4591509
4	31	217.4073976
3	31	214.9049549
2	31	215.149093
1	31	212.5245813
0	31	211.9142362
0	32	204.1017355
1	32	206.8483163
2	32	209.350759
3	32	214.5387479
4	32	212.2804432
5	32	215.4542655
6	32	218.2008463
7	32	222.7174556
8	32	226.6237059
9	32	226.7457749
10	32	228.9430312
11	32	238.7697262
12	32	246.5211923
13	32	255.9205903
14	32	264.4044983
15	32	273.925993
16	32	285.5226888
17	32	300.4763105
18	32	313.0495585
19	32	332.9470311
20	32	348.5720323
21	32	362.2439293
22	32	368.7136707
23	32	377.0144474
24	32	378.8455105
25	32	376.2820333
26	32	372.0705966
27	32	365.2346481
28	32	362.6101364
29	32	353.0886417
30	32	340.0881521
31	32	322.9372603
32	32	299.0114822
33	32	286.1330339
34	32	270.6301017
35	32	259.76582
36	32	248.779497
37	32	241.0280309
38	32	233.8258476
39	32	229.9806318
40	32	224.3043667
41	32	220.3981164
42	32	217.7125702
43	32	215.7594381
44	32	213.3790783
45	32	213.0128574
46	32	212.6466503
47	32	208.3741929
48	32	208.0079858
49	32	204.040701
50	32	203.2472385
50	33	202.6368656
49	33	202.3927276
48	33	205.4445086
47	33	208.3741929
46	33	211.8531878
45	33	212.0973397
44	33	213.8063199
43	33	210.5714492
42	33	211.7921533
41	33	217.3463631
40	33	220.0929439
39	33	221.313648
38	33	224.3043667
37	33	230.3468527
36	33	241.2111344
35	33	245.3615089
34	33	256.0426593
33	33	266.1745269
32	33	279.602258
31	33	296.1428047
30	33	312.1950753
29	33	328.369415
28	33	347.1072041
27	33	359.4973486
26	33	365.6008829
25	33	362.6101364
24	33	364.2580959
23	33	370.178499
22	33	379.1506831
21	33	381.4089877
20	33	376.5261714
19	33	370.6668028
18	33	354.1262283
17	33	339.1115999
16	33	324.6462266
15	33	312.0729786
14	33	295.2272593
13	33	280.6398725
12	33	267.1511068
11	33	256.1036938
10	33	247.9860206
9	33	244.8121983
8	33	235.0465655
7	33	232.2999709
6	33	228.4547551
5	33	225.3419673
4	33	220.825358
3	33	217.6515357
2	33	215.5763346
1	33	210.8766356
0	33	210.2662766
0	34	209.2286761
1	34	210.3273111
2	34	209.350759
3	34	212.1583742
4	34	213.8673544
5	34	218.7501708
6	34	218.3839498
7	34	221.435717
8	34	226.1354159
9	34	230.7740943
10	34	237.6100428
11	34	250.7326013
12	34	260.8644412
13	34	266.2355614
14	34	282.9592116
15	34	298.5231784
16	34	308.5939837
17	34	325.8669445
18	34	340.6984972
19	34	353.5769177
20	34	363.3425782
21	34	371.765424
22	34	377.8078961
23	34	377.2585855
24	34	373.6575216
25	34	368.1033256
26	34	362.4880673
27	34	358.6428377
28	34	342.9568018
29	34	331.2380648
30	34	312.6833514
31	34	297.7297298
32	34	280.5788379
33	34	273.0104753
34	34	261.0475447
35	34	251.8312503
36	34	244.5680602
37	34	239.1969678
38	34	234.0699856
39	34	227.7833755
40	34	223.1446972
41	34	221.679855
42	34	219.6656884
43	34	216.6749696
44	34	214.7828859
45	34	213.9894234
46	34	210.6935321
47	34	210.3273111
48	34	210.5104147
49	34	202.5758311
50	34	202.3316792
50	35	204.040701
49	35	198.6085602
48	35	203.8575836
47	35	204.6510461
46	35	202.7589346
45	35	203.2472385
44	35	204.2238045
43	35	207.2145233
42	35	207.4586614
41	35	209.1676415
40	35	211.4869807
39	35	214.416665
38	35	218.9943088
37	35	219.9708748
36	35	225.8912779
35	35	230.1027008
34	35	239.6242094
33	35	246.2160198
32	35	256.0426593
31	35	266.2355614
30	35	280.6398725
29	35	296.7531498
28	35	313.1716275
27	35	330.9328922
26	35	339.9660831
25	35	352.3562275
24	35	366.211228
23	35	364.1970614
22	35	367.3708837
21	35	374.2068322
20	35	378.1130686
19	35	375.9768608
18	35	364.4411994
17	35	355.7741879
16	35	342.2854222
15	35	328.247346
14	35	312.9274895
13	35	300.1101034
12	35	286.377172
11	35	269.958722
10	35	258.78924
9	35	252.5026299
8	35	244.2628877
7	35	235.1686346
6	35	228.8819967
5	35	226.3185195
4	35	221.8629586
3	35	220.7643235
2	35	218.1398118
1	35	215.5763346
0	35	212.2804432
0	36	213.3790783
1	36	213.3790783
2	36	224.9147119
3	36	222.9005591
4	36	220.2760474
5	36	224.9147119
6	36	226.5626714
7	36	233.9479166
8	36	238.7697262
9	36	244.5680602
10	36	254.7609346
11	36	261.9020556
12	36	272.2780335
13	36	285.7668269
14	36	298.1569713
15	36	312.988524
16	36	331.9704789
17	36	347.6565147
18	36	359.3142173
19	36	367.3098492
20	36	378.6013725
21	36	382.8127815
22	36	377.0754819
23	36	370.3616025
24	36	364.868441
25	36	364.0139579
26	36	352.8445036
27	36	338.9895309
28	36	322.4489564
29	36	303.5890983
30	36	290.1003049
31	36	274.5973726
32	36	265.8083198
33	36	253.0519405
34	36	247.314641
35	36	242.1876866
36	36	237.3048702
37	36	232.6051435
38	36	221.9850276
39	36	225.5861054
40	36	223.5109042
41	36	222.1681311
42	36	218.0177427
43	36	224.3654013
44	36	216.4918661
45	36	216.9191077
46	36	212.4635468
47	36	209.594897
48	36	206.4820953
49	36	208.0690203
50	36	208.862469
50	37	201.2940925
49	37	202.6368656
48	37	200.6837335
47	37	199.2799398
46	37	201.7213341
45	37	200.9889061
44	37	202.0265066
43	37	203.4913765
42	37	206.5431298
41	37	206.6041643
40	37	209.4117935
39	37	212.5245813
38	37	216.3697971
37	37	216.9191077
36	37	221.069496
35	37	226.257485
34	37	230.5909907
33	37	237.9762776
32	37	244.2018532
31	37	253.6012511
30	37	262.3903317
29	37	275.7570561
28	37	288.7575457
27	37	306.5798171
26	37	321.6555078
25	37	338.9895309
24	37	344.6657959
23	37	356.8728091
22	37	362.1828948
21	37	363.4036128
20	37	370.178499
19	37	380.4934423
18	37	378.7234415
17	37	373.7185561
16	37	364.746372
15	37	348.8772049
14	37	336.4260537
13	37	321.6555078
12	37	303.8332363
11	37	289.8561668
10	37	277.3439534
9	37	266.2965959
8	37	258.6061365
7	37	249.1457041
6	37	240.9669964
5	37	233.3375715
4	37	230.8351288
3	37	226.6847404
2	37	219.0553433
1	37	222.1070966
0	37	217.0411767
0	38	213.5621818
1	38	217.6515357
2	38	218.8722398
3	38	220.2760474
4	38	224.3043667
5	38	224.5485048
6	38	230.6520253
7	38	237.3659047
8	38	247.558779
9	38	252.2584919
10	38	261.2306482
11	38	271.9118264
12	38	284.7902469
13	38	303.0397877
14	38	312.8054205
15	38	331.1159957
16	38	345.5202791
17	38	356.384533
18	38	365.7839864
19	38	372.7419762
20	38	376.8923784
21	38	373.9016596
22	38	369.7512574
23	38	363.0374057
24	38	358.2155961
25	38	348.0837563
26	38	336.9753643
27	38	317.3830643
28	38	301.635994
29	38	289.6120288
30	38	271.9118264
31	38	260.9254757
32	38	250.7326013
33	38	242.6149281
34	38	240.9669964
35	38	232.2999709
36	38	227.5392236
37	38	223.8771252
38	38	218.4449843
39	38	215.3321965
40	38	214.7218514
41	38	213.7452854
42	38	212.8297538
43	38	209.1676415
44	38	208.0690203
45	38	209.4117935
46	38	209.2286761
47	38	207.0924543
48	38	216.4918661
49	38	213.5621818
50	38	210.6935321
50	39	199.2799398
49	39	200.50063
48	39	203.552411
47	39	203.3693075
46	39	204.7120806
45	39	204.8341496
44	39	208.1300549
43	39	207.1534888
42	39	210.8156011
41	39	212.2194087
40	39	212.5856158
39	39	210.5104147
38	39	215.6984036
37	39	214.4776995
36	39	216.7970387
35	39	220.8863925
34	39	225.2809328
33	39	229.0651141
32	39	234.1310201
31	39	242.4928591
30	39	247.314641
29	39	257.5685498
28	39	268.0666245
27	39	282.5929768
26	39	304.0773744
25	39	317.2609675
24	39	332.9470311
23	39	344.2385543
22	39	357.4831819
21	39	360.8401355
20	39	366.333297
19	39	368.5916017
18	39	378.3572067
17	39	374.5730393
16	39	369.7512574
15	39	360.1687559
14	39	347.0461696
13	39	334.7780941
12	39	320.007576
11	39	303.0397877
10	39	291.6872299
9	39	274.5973726
8	39	265.0758779
7	39	255.3102452
6	39	245.3004744
5	39	239.9293819
4	39	236.1452145
3	39	232.9103299
2	39	226.3795679
1	39	223.3888352
0	39	221.0084615
0	40	217.4073976
1	40	224.4264358
2	40	226.989913
3	40	222.9005591
4	40	227.2950855
5	40	229.6144247
6	40	235.6569384
7	40	241.2111344
8	40	250.2443253
9	40	261.4137518
10	40	271.5456193
11	40	284.6071434
12	40	300.7814831
13	40	314.8806216
14	40	335.9987844
15	40	350.5251644
16	40	364.9294755
17	40	375.3664879
18	40	378.4793035
19	40	378.2351377
20	40	373.8406251
21	40	368.7136707
22	40	372.2537001
23	40	361.4504807
24	40	346.8020315
25	40	334.8391286
26	40	323.6696744
27	40	302.9177187
28	40	294.2507071
29	40	276.7946428
30	40	263.7941254
31	40	250.0612217
32	40	245.1173708
33	40	240.3566235
34	40	236.8165941
35	40	231.3844394
36	40	228.6988932
37	40	222.5343521
38	40	220.947427
39	40	220.1539784
40	40	214.7828859
41	40	208.984538
42	40	209.594897
43	40	207.0924543
44	40	208.984538
45	40	205.5665776
46	40	203.3693075
47	40	206.4210608
48	40	205.3224257
49	40	199.8292504
50	40	204.1017355
50	41	204.5289771
49	41	201.110989
48	41	202.9420382
47	41	202.9420382
46	41	201.355127
45	41	200.744768
44	41	203.1251417
43	41	207.3976269
42	41	208.4352274
41	41	207.7027994
40	41	207.6417649
39	41	210.0221386
38	41	212.5245813
37	41	217.4684322
36	41	216.125659
35	41	223.6329733
34	41	228.9430312
33	41	232.1779019
32	41	233.0934334
31	41	244.6901293
30	41	265.8083198
29	41	264.4655328
28	41	277.7101882
27	41	284.6681779
26	41	297.7907643
25	41	315.3078632
24	41	331.6653063
23	41	346.0085551
22	41	354.6145322
21	41	358.0324925
20	41	365.2346481
19	41	365.0515445
18	41	377.197551
17	41	378.4182412
16	41	374.3289012
15	41	365.2956826
14	41	352.9055381
13	41	337.3415713
12	41	324.7682956
11	41	306.0305065
10	41	296.6921153
9	41	287.1095861
8	41	270.9963087
7	41	260.0709925
6	41	270.3249291
5	41	248.901566
4	41	252.3195264
3	41	236.5724561
2	41	224.4264358
1	41	224.6095393
0	41	223.1446972
0	42	220.2150129
1	42	223.6329733
2	42	223.8160907
3	42	226.6847404
4	42	234.863462
5	42	237.8541808
6	42	245.3615089
7	42	253.9674859
8	42	266.1745269
9	42	275.0246419
10	42	288.6965111
11	42	304.4436092
12	42	325.3176339
13	42	334.1067145
14	42	348.2668598
15	42	359.6194176
16	42	368.1033256
17	42	375.1223498
18	42	373.5354526
19	42	372.0705966
20	42	367.6150218
21	42	357.3611129
22	42	352.3562275
23	42	340.1491866
24	42	328.0031802
25	42	315.6130357
26	42	300.415276
27	42	286.6823445
28	42	267.3342103
29	42	259.76582
30	42	249.6339802
31	42	240.0514509
32	42	236.450387
33	42	229.4923557
34	42	224.3654013
35	42	221.1915789
36	42	218.4449843
37	42	213.9283889
38	42	212.4635468
39	42	210.8156011
40	42	209.4117935
41	42	207.5807304
42	42	205.5055431
43	42	204.284839
44	42	203.552411
45	42	202.7589346
46	42	201.9654721
47	42	201.233058
48	42	200.5616645
49	42	198.4254427
50	42	200.1344229
50	43	195.8619655
49	43	196.2281865
48	43	196.7774971
47	43	196.7164626
46	43	197.8761321
45	43	198.3033737
44	43	199.6461468
43	43	199.8292504
42	43	202.2096102
41	43	202.3927276
40	43	204.040701
39	43	204.5289771
38	43	206.4820953
37	43	208.2521239
36	43	209.9000695
35	43	213.3790783
34	43	215.7594381
33	43	219.9708748
32	43	221.7408895
31	43	226.4406024
30	43	232.666178
29	43	239.3800713
28	43	247.2536065
27	43	256.8971702
26	43	272.1559644
25	43	283.1423151
24	43	314.2092142
23	43	325.3786685
22	43	334.7170596
21	43	340.8205662
20	43	355.7131534
19	43	357.605251
18	43	360.779101
17	43	366.5774351
16	43	384.094534
15	43	378.6013725
14	43	370.3616025
13	43	360.5959975
12	43	347.9006527
11	43	332.0315134
10	43	317.8713404
9	43	304.2605057
8	43	294.3727762
7	43	278.9919129
6	43	261.7799866
5	43	252.5636644
4	43	253.1740095
3	43	243.7746116
2	43	240.5397548
1	43	239.3190368
0	43	234.3141237
0	44	229.6144247
1	44	235.5959039
2	44	224.3654013
3	44	244.1408187
4	44	240.0514509
5	44	256.2257628
6	44	257.2633773
7	44	263.4889529
8	44	279.2360509
9	44	283.6916257
10	44	311.7067715
11	44	313.110593
12	44	329.4070017
13	44	351.1355096
14	44	363.0374057
15	44	374.9392463
16	44	376.1599643
17	44	372.9250797
18	44	371.521286
19	44	365.7229519
20	44	355.1028083
21	44	355.1638428
22	44	343.8723195
23	44	333.0080656
24	44	320.4348176
25	44	302.002201
26	44	287.5978622
27	44	278.8088094
28	44	257.5685498
29	44	246.6432614
30	44	241.760445
31	44	236.6945251
32	44	231.7506603
33	44	225.8302434
34	44	220.3981164
35	44	220.0929439
36	44	214.9659895
37	44	214.3556305
38	44	210.9376701
39	44	209.2286761
40	44	208.0079858
41	44	207.0314198
42	44	204.8951842
43	44	206.1769228
44	44	206.7872817
45	44	203.8575836
46	44	207.1534888
47	44	201.5992651
48	44	204.16277
49	44	203.3693075
50	44	197.7540631
50	45	196.289221
49	45	197.2657732
48	45	200.8058025
47	45	198.3033737
46	45	198.1202702
45	45	195.9840484
44	45	200.622699
43	45	207.0924543
42	45	207.3365923
41	45	209.9611041
40	45	207.6417649
39	45	210.5714492
38	45	204.284839
37	45	211.5480152
36	45	205.3834741
35	45	216.3087626
34	45	217.7736047
33	45	211.3038772
32	45	226.5016369
31	45	224.6705738
30	45	226.0743814
29	45	230.4078872
28	45	232.4220399
27	45	237.6100428
26	45	245.5446124
25	45	256.8361357
24	45	267.8224864
23	45	281.1281485
22	45	296.9362811
21	45	314.3312832
20	45	332.0925479
19	45	341.7361116
18	45	356.628671
17	45	356.9948781
16	45	357.9104235
15	45	367.7981253
14	45	366.4553661
13	45	360.5959975
12	45	350.708268
11	45	340.0881521
10	45	330.5056229
9	45	311.767806
8	45	298.0349023
7	45	283.8747293
6	45	270.7521707
5	45	262.0851591
4	45	251.4650432
3	45	246.1549853
2	45	234.863462
1	45	232.2389364
0	45	225.5861054
0	46	232.2389364
1	46	234.1920546
2	46	240.7228583
3	46	244.7511638
4	46	253.3571131
5	46	263.1837803
6	46	272.8884063
7	46	288.3303041
8	46	300.9035521
9	46	308.9601908
10	46	328.613553
11	46	343.9944163
12	46	353.4548487
13	46	359.1311137
14	46	361.0842736
15	46	366.6384696
16	46	365.1125791
17	46	361.2063426
18	46	356.384533
19	46	362.3049638
20	46	346.4357967
21	46	340.0271176
22	46	324.2800195
23	46	302.4904771
24	46	287.4757932
25	46	275.6960216
26	46	267.7614519
27	46	257.1413082
28	46	248.657428
29	46	241.5773415
30	46	235.6569384
31	46	230.6520253
32	46	221.1915789
33	46	217.9567082
34	46	215.4542655
35	46	213.0128574
36	46	211.0597391
37	46	209.0455725
38	46	207.5196959
39	46	208.984538
40	46	207.3976269
41	46	208.862469
42	46	207.5807304
43	46	204.16277
44	46	205.8717502
45	46	201.5992651
46	46	202.2706447
47	46	200.50063
48	46	198.2423392
49	46	196.8995661
50	46	199.1578708
50	47	197.8150976
49	47	206.1158882
48	47	196.533359
47	47	194.458144
46	47	196.7774971
45	47	196.8385316
44	47	197.5099251
43	47	196.8995661
42	47	207.3365923
41	47	210.8156011
40	47	209.5338625
39	47	211.3038772
38	47	214.294596
37	47	215.9425555
36	47	213.5621818
35	47	217.4684322
34	47	219.6656884
33	47	219.0553433
32	47	221.435717
31	47	225.2809328
30	47	230.4078872
29	47	222.6564211
28	47	225.2809328
27	47	227.4781891
26	47	233.398606
25	47	240.6007893
24	47	248.4132899
23	47	260.4982341
22	47	271.4845848
21	47	285.034385
20	47	300.415276
19	47	317.6272023
18	47	329.1018291
17	47	343.1399054
16	47	350.5251644
15	47	352.2341585
14	47	363.0984402
13	47	372.6199072
12	47	362.0608258
11	47	355.0417738
10	47	345.032003
9	47	333.5574039
8	47	321.7775768
7	47	312.2561099
6	47	290.0392704
5	47	276.3063667
4	47	264.099298
3	47	254.455762
2	47	244.5680602
1	47	237.8541808
0	47	232.2389364
0	48	237.1828012
1	48	247.9860206
2	48	252.6246989
3	48	259.2165094
4	48	269.836653
5	48	286.255103
6	48	288.2082351
7	48	304.4436092
8	48	313.5378346
9	48	329.1018291
10	48	343.811285
11	48	346.3137277
12	48	353.8820903
13	48	361.0232391
14	48	366.4553661
15	48	369.6291884
16	48	362.6101364
17	48	358.8869757
18	48	356.3234985
19	48	337.7688129
20	48	326.1110826
21	48	310.7302193
22	48	295.8986389
23	48	280.0294996
24	48	269.2873147
25	48	257.9957914
26	48	246.8873994
27	48	239.8683474
28	48	234.3141237
29	48	231.8727294
30	48	224.6705738
31	48	220.825358
32	48	217.1632596
33	48	214.416665
34	48	213.1349264
35	48	211.7921533
36	48	213.3180438
37	48	221.069496
38	48	227.35612
39	48	227.722341
40	48	228.6378586
41	48	221.1305444
42	48	215.6984036
43	48	210.9376701
44	48	210.2052421
45	48	222.1681311
46	48	213.9894234
47	48	197.9371667
48	48	221.9850276
49	48	221.313648
50	48	215.8204726
50	49	192.8712329
49	49	193.0543364
48	49	193.4205573
47	49	194.3971095
46	49	194.091937
45	49	194.3971095
44	49	194.946434
43	49	195.0074685
42	49	196.167152
41	49	196.7774971
40	49	197.3878561
39	49	198.6695947
38	49	199.5240778
37	49	200.378561
36	49	201.7823686
35	49	203.7355146
34	49	204.8951842
33	49	206.4820953
32	49	209.1676415
31	49	210.3273111
30	49	213.6842508
29	49	215.5763346
28	49	219.2384468
27	49	222.4733175
26	49	228.5157896
25	49	234.5582895
24	49	240.0514509
23	49	248.5963935
22	49	264.0382635
21	49	277.0998153
20	49	287.1095861
19	49	303.0397877
18	49	318.4816855
17	49	331.8484099
16	49	345.5813136
15	49	349.3044742
14	49	360.290825
13	49	361.9997913
12	49	369.4460848
11	49	364.6853375
10	49	351.6237856
9	49	350.830337
8	49	337.2195023
7	49	325.3176339
6	49	308.6550182
5	49	291.3210229
4	49	279.0529474
3	49	267.3952448
2	49	257.8737224
1	49	251.0378017
0	49	238.3424846
0	50	239.8073129
1	50	244.2628877
2	50	252.5026299
3	50	264.4655328
4	50	278.6257058
5	50	289.0016837
6	50	302.1853046
7	50	314.5143868
8	50	326.3552206
9	50	340.1491866
10	50	348.8161704
11	50	356.3234985
12	50	360.1687559
13	50	361.7556532
14	50	358.7038722
15	50	354.6145322
16	50	351.928986
17	50	345.2151065
18	50	334.1067145
19	50	321.7165423
20	50	305.7253339
21	50	292.297575
22	50	277.2829188
23	50	266.6017684
24	50	255.3712797
25	50	245.7887782
26	50	239.3800713
27	50	233.3375715
28	50	228.2106171
29	50	224.0602287
30	50	220.1539784
31	50	217.4073976
32	50	214.1114924
33	50	212.6466503
34	50	211.3649117
35	50	209.350759
36	50	208.6793655
37	50	206.4820953
38	50	204.284839
39	50	204.040701
40	50	203.3693075
41	50	201.477196
42	50	200.4395955
43	50	199.8902849
44	50	197.8761321
45	50	199.8292504
46	50	197.1437041
47	50	196.167152
48	50	197.0826696
49	50	195.8619655
50	50	195.3126411
