0	0	-822.2357045
1	0	-820.78474824545
2	0	-820.14665767273
3	0	-820.0911667
4	0	-819.0091837
5	0	-817.87169965455
6	0	-816.84519754545
7	0	-815.87418639091
8	0	-817.84396930909
9	0	-817.28909498182
10	0	-816.20709685455
11	0	-816.23484739091
12	0	-818.28786171818
13	0	-815.79096508182
14	0	-813.29405836364
15	0	-815.06962291818
16	0	-815.5135153
17	0	-814.73670738182
18	0	-813.2940634
19	0	-812.82243057273
20	0	-813.07212477273
21	0	-812.35079268182
22	0	-812.90565187273
23	0	-813.01662876364
24	0	-814.45927779091
25	0	-814.29281498182
26	0	-813.90440850909
27	0	-811.24105413636
28	0	-811.07460142727
29	0	-811.85140429091
30	0	-812.26755120909
31	0	-812.18431979091
32	0	-813.71020022727
33	0	-813.98762983636
34	0	-813.68244970909
35	0	-813.65470926364
36	0	-816.37356470909
37	0	-816.48453654545
38	0	-816.23483729091
39	0	-814.73670738182
40	0	-812.119138585
0	1	-822.78653645115
1	1	-819.78995615
2	1	-820.02974252143
3	1	-819.54001364667
4	1	-818.92892864286
5	1	-818.77085481814
6	1	-819.07206944667
7	1	-819.310391375
8	1	-817.57818806897
9	1	-816.81447915
10	1	-816.91256933571
11	1	-816.61830273571
12	1	-817.35944203214
13	1	-816.68368694643
14	1	-815.28860249286
15	1	-816.08133213333
16	1	-815.83356538571
17	1	-814.874437775
18	1	-813.32675316786
19	1	-812.13438936667
20	1	-811.36490978214
21	1	-812.47029648974
22	1	-814.92165977333
23	1	-814.38397096071
24	1	-813.17934254248
25	1	-813.47933746071
26	1	-815.70275733214
27	1	-814.12238657857
28	1	-812.18233725714
29	1	-812.69389734057
30	1	-813.27111301778
31	1	-812.64301954
32	1	-813.45319441671
33	1	-815.95344568571
34	1	-815.13600828929
35	1	-815.24718826667
36	1	-816.61830075357
37	1	-816.72728501071
38	1	-815.84446144286
39	1	-816.07334976429
40	1	-814.09778286049
0	2	-821.55751063247
1	2	-819.52837770357
2	2	-820.43520495333
3	2	-818.85263847857
4	2	-817.31584794286
5	2	-818.08547002637
6	2	-819.95344840357
7	2	-819.20749262458
8	2	-817.3935388932
9	2	-816.95617533571
10	2	-816.0850680506
11	2	-816.57469476071
12	2	-816.12201441333
13	2	-814.03660914487
14	2	-814.08970043214
15	2	-813.53696703759
16	2	-812.57471386071
17	2	-813.03248063214
18	2	-812.13874316429
19	2	-812.34583147143
20	2	-809.74920663031
21	2	-811.49569802143
22	2	-812.52094312
23	2	-811.62648427143
24	2	-811.74636854286
25	2	-811.45935279045
26	2	-809.22867414643
27	2	-811.54437982667
28	2	-812.90750056667
29	2	-812.30223143214
30	2	-812.17896390477
31	2	-812.10604312143
32	2	-812.8952889969
33	2	-814.87820382685
34	2	-814.70004948929
35	2	-813.80025324057
36	2	-815.03791413571
37	2	-816.43249050203
38	2	-815.26752015333
39	2	-814.04609242857
40	2	-818.90168672112
0	3	-823.45083217787
1	3	-820.14963867857
2	3	-818.56181537399
3	3	-817.42813955418
4	3	-817.54472834286
5	3	-816.31596509773
6	3	-817.152353725
7	3	-818.318573625
8	3	-818.17870604905
9	3	-817.23954785714
10	3	-816.27917744726
11	3	-815.62646914286
12	3	-814.75219722661
13	3	-816.33888650943
14	3	-813.38124133214
15	3	-812.43351664379
16	3	-812.20414917143
17	3	-811.36127446667
18	3	-811.34310975
19	3	-810.98343516429
20	3	-811.88580434535
21	3	-811.02703918929
22	3	-809.38780122667
23	3	-810.92802872243
24	3	-810.86354297857
25	3	-810.05365449344
26	3	-809.93711935357
27	3	-812.25645838667
28	3	-812.31989452757
29	3	-811.03793523214
30	3	-812.11705346492
31	3	-813.59923758571
32	3	-813.40841500537
33	3	-813.53384941071
34	3	-813.04337071786
35	3	-814.09413750418
36	3	-814.80902581429
37	3	-815.56831277184
38	3	-814.98054876635
39	3	-815.49569080714
40	3	-816.85401403032
0	4	-822.21126475891
1	4	-821.59938571957
2	4	-820.69460155714
3	4	-818.0931184426
4	4	-817.63245379833
5	4	-819.906217
6	4	-819.18892785811
7	4	-816.71640285357
8	4	-817.216190908
9	4	-817.4612763543
10	4	-816.21502613214
11	4	-816.56961193333
12	4	-814.52565526429
13	4	-814.5770324543
14	4	-815.32855282667
15	4	-814.43501041957
16	4	-812.31314135714
17	4	-811.13603135
18	4	-811.73548041071
19	4	-810.36436818667
20	4	-810.54455482769
21	4	-810.50387234643
22	4	-809.30496629643
23	4	-808.22594846429
24	4	-809.99814635333
25	4	-811.76416903556
26	4	-812.01231296
27	4	-812.13875109643
28	4	-812.94528846071
29	4	-811.63160726122
30	4	-812.17507904667
31	4	-812.35817702667
32	4	-812.45719135442
33	4	-814.66735342143
34	4	-816.69105402124
35	4	-814.09923486659
36	4	-813.11094524667
37	4	-814.18778663929
38	4	-816.52020859286
39	4	-815.68096918929
40	4	-819.42829165129
0	5	-824.62813247615
1	5	-820.48750928929
2	5	-819.29949333929
3	5	-818.97251878571
4	5	-820.05153859286
5	5	-820.38194794654
6	5	-820.65653199928
7	5	-817.99158915357
8	5	-817.96055643067
9	5	-817.07605562857
10	5	-815.528382925
11	5	-815.05971615357
12	5	-816.04063981786
13	5	-815.95344964643
14	5	-813.56653358571
15	5	-813.57446349809
16	5	-814.42756704643
17	5	-812.83628637143
18	5	-810.85264495
19	5	-809.599246775
20	5	-809.13011686408
21	5	-809.74010221181
22	5	-807.99706607857
23	5	-808.78180344286
24	5	-810.24228795
25	5	-809.80632913929
26	5	-810.49297432857
27	5	-814.26408076786
28	5	-813.08696878571
29	5	-811.82266662143
30	5	-810.40578217143
31	5	-812.04895307554
32	5	-814.35779916814
33	5	-816.46571249643
34	5	-817.66462053929
35	5	-817.93398288317
36	5	-814.96269458162
37	5	-812.96709047857
38	5	-816.716394925
39	5	-816.54200663214
40	5	-816.44535686839
0	6	-824.16204074655
1	6	-822.04609191429
2	6	-820.400323075
3	6	-818.48206585714
4	6	-820.70549959643
5	6	-821.08991351468
6	6	-819.48478360357
7	6	-817.599214525
8	6	-815.94012805406
9	6	-816.87987724643
10	6	-816.99076224117
11	6	-817.10875566429
12	6	-816.61830275357
13	6	-814.81993968571
14	6	-814.08969049643
15	6	-812.93170562983
16	6	-811.13602937857
17	6	-810.32949596429
18	6	-808.72732320714
19	6	-807.36492888929
20	6	-807.07327371885
21	6	-805.93713648929
22	6	-805.49026973571
23	6	-807.070640475
24	6	-807.93167592857
25	6	-807.31581299988
26	6	-807.83358375714
27	6	-808.640117175
28	6	-809.3376584
29	6	-809.435754525
30	6	-811.55877522924
31	6	-812.47661177857
32	6	-812.9433530494
33	6	-813.86081406786
34	6	-815.03792802857
35	6	-814.28679750155
36	6	-812.20413925714
37	6	-814.85262188214
38	6	-815.65917314643
39	6	-816.16053202143
40	6	-820.85198966034
0	7	-828.46739574152
1	7	-822.30767829643
2	7	-821.01068404286
3	7	-819.82266213929
4	7	-819.43028156429
5	7	-820.79128001468
6	7	-818.75453638571
7	7	-817.26133598571
8	7	-817.68706643341
9	7	-816.08423788214
10	7	-816.51297517733
11	7	-815.57197702143
12	7	-814.26408273571
13	7	-813.5417001994
14	7	-812.13874911071
15	7	-810.47026985072
16	7	-811.11422736786
17	7	-807.20143664286
18	7	-806.82432956667
19	7	-805.98073454643
20	7	-806.88645748079
21	7	-806.66249283532
22	7	-805.81725222143
23	7	-805.99163058571
24	7	-805.74095213214
25	7	-806.35658452482
26	7	-806.1660268
27	7	-806.68917775357
28	7	-807.40851900357
29	7	-809.65374086786
30	7	-810.50448982745
31	7	-812.12783918929
32	7	-812.24377581718
33	7	-812.19323331429
34	7	-813.88260417143
35	7	-816.10802192482
36	7	-817.86080288929
37	7	-816.48750855714
38	7	-816.69459490357
39	7	-816.62919880714
40	7	-819.38355655115
0	8	-825.06661360129
1	8	-822.92892538929
2	8	-822.65281253333
3	8	-822.70004894643
4	8	-822.01339187143
5	8	-820.31712555024
6	8	-821.675515325
7	8	-819.54000253333
8	8	-817.01116477363
9	8	-817.07606950357
10	8	-817.00496818652
11	8	-815.53927896429
12	8	-814.24672970668
13	8	-814.56246737983
14	8	-811.94256872143
15	8	-808.93382914248
16	8	-808.23685639643
17	8	-808.37519487243
18	8	-805.49027369286
19	8	-805.39217557143
20	8	-806.78193435656
21	8	-805.11970107143
22	8	-804.19632033461
23	8	-804.17119787876
24	8	-804.01888915714
25	8	-803.75895140477
26	8	-804.33496569286
27	8	-805.03396542
28	8	-806.12241683571
29	8	-807.85537981786
30	8	-809.57294342828
31	8	-810.35128409286
32	8	-811.9094703864
33	8	-813.83229636456
34	8	-813.62102175357
35	8	-815.08905246742
36	8	-816.00793978571
37	8	-817.22864586429
38	8	-817.22065412
39	8	-816.93437333929
40	8	-822.34192493319
0	9	-827.7066517
1	9	-820.9845174
2	9	-820.89652847375
3	9	-820.4376719864
4	9	-820.21503279286
5	9	-819.12510107857
6	9	-818.51738473246
7	9	-817.23954786071
8	9	-816.57160661205
9	9	-814.580159275
10	9	-813.50114145714
11	9	-812.85808839286
12	9	-810.50387235
13	9	-810.26408994286
14	9	-808.01886410714
15	9	-805.89372160955
16	9	-805.71915012143
17	9	-806.77636991071
18	9	-804.30921840525
19	9	-805.13060305714
20	9	-804.54204211071
21	9	-803.9760191
22	9	-803.71372057857
23	9	-802.54751257857
24	9	-802.01344772857
25	9	-802.41671045357
26	9	-802.83669711333
27	9	-803.82270085714
28	9	-805.28318338929
29	9	-806.39481866468
30	9	-809.16327806071
31	9	-811.65918035357
32	9	-812.31260580179
33	9	-812.84718441429
34	9	-815.24500246429
35	9	-814.98342995357
36	9	-816.45481049286
37	9	-815.99995279333
38	9	-816.400308475
39	9	-818.50388838484
40	9	-819.52344265072
0	10	-826.83670693463
1	10	-826.16599077857
2	10	-824.55291602857
3	10	-822.874439225
4	10	-822.492962625
5	10	-822.65644295714
6	10	-821.01066619286
7	10	-820.18233673214
8	10	-818.81564224869
9	10	-817.95889902143
10	10	-813.3745377099
11	10	-812.093696
12	10	-810.20959783214
13	10	-811.01613718571
14	10	-808.934405575
15	10	-805.56656583571
16	10	-806.7872739
17	10	-804.79273245714
18	10	-803.33224596429
19	10	-799.32135513214
20	10	-800.28047877143
21	10	-801.9034914222
22	10	-803.027071425
23	10	-800.80364561429
24	10	-800.91263184643
25	10	-801.50118486071
26	10	-801.81725742143
27	10	-801.66467116071
28	10	-802.427616425
29	10	-804.77093244286
30	10	-806.77355423592
31	10	-809.18435656
32	10	-809.18146990298
33	10	-811.41940586429
34	10	-812.38941961786
35	10	-814.612845425
36	10	-815.47388483929
37	10	-816.29132420714
38	10	-816.26951824286
39	10	-816.42210650357
40	10	-820.27716570733
0	11	-830.70008556695
1	11	-823.60467653214
2	11	-823.059727525
3	11	-821.99160573929
4	11	-821.75181540714
5	11	-820.59649948571
6	11	-817.98070301071
7	11	-817.84990485714
8	11	-817.95692441062
9	11	-814.32947686786
10	11	-812.19717220883
11	11	-808.6292231
12	11	-808.42213480357
13	11	-806.61287768571
14	11	-806.56929151786
15	11	-804.509359925
16	11	-803.17965571429
17	11	-803.98618913571
18	11	-801.62107707143
19	11	-802.35132030714
20	11	-799.24285671909
21	11	-799.12518070357
22	11	-797.44671183571
23	11	-799.05978064643
24	11	-798.51482172857
25	11	-798.85269629643
26	11	-798.38403746429
27	11	-797.59930209286
28	11	-800.34587886786
29	11	-801.66467315714
30	11	-804.12385025644
31	11	-806.27209715835
32	11	-810.25358345477
33	11	-811.67007836429
34	11	-813.904406175
35	11	-816.78178307143
36	11	-816.67279088571
37	11	-814.99432004286
38	11	-816.89077327857
39	11	-818.31856568929
40	11	-819.44320230445
0	12	-827.92673737802
1	12	-825.75181811071
2	12	-824.06245517143
3	12	-824.52021995
4	12	-825.58833976429
5	12	-823.72979996635
6	12	-822.48207055
7	12	-822.60194885
8	12	-820.63141326241
9	12	-817.99159906071
10	12	-814.7088667957
11	12	-813.07607868929
12	12	-812.65101196786
13	12	-811.87717066071
14	12	-808.68372713571
15	12	-808.3467848284
16	12	-807.19054059643
17	12	-805.52224520667
18	12	-804.85812855714
19	12	-803.00527140357
20	12	-800.33537030597
21	12	-798.61291389643
22	12	-798.67831000714
23	12	-797.30284226667
24	12	-796.17150968214
25	12	-796.7380825
26	12	-796.7382706
27	12	-797.23962550714
28	12	-800.24778073929
29	12	-801.77366135357
30	12	-804.06338986289
31	12	-808.21505440357
32	12	-809.20840545955
33	12	-812.36177862172
34	12	-813.174164925
35	12	-815.73619353484
36	12	-816.37968375119
37	12	-815.55235898
38	12	-817.09785565357
39	12	-818.28587160357
40	12	-824.33084566595
0	13	-831.33454893103
1	13	-824.72729043214
2	13	-823.6817331327
3	13	-822.80444350919
4	13	-821.39215270357
5	13	-821.78875756957
6	13	-819.84445224286
7	13	-817.24100080667
8	13	-817.36367925967
9	13	-814.78723965
10	13	-813.79552439845
11	13	-810.86354892143
12	13	-808.80361535714
13	13	-807.41814136611
14	13	-806.36219725
15	13	-804.77098063329
16	13	-803.23415777143
17	13	-803.35326530585
18	13	-801.67703216667
19	13	-798.31864134643
20	13	-796.60552624332
21	13	-796.4548842
22	13	-794.69835360298
23	13	-795.67524422667
24	13	-795.65926071429
25	13	-795.89722025752
26	13	-794.99441157143
27	13	-797.36081698294
28	13	-798.82000021429
29	13	-801.03252602857
30	13	-804.64534213532
31	13	-807.909879875
32	13	-810.46334732685
33	13	-813.40305325357
34	13	-816.36762629643
35	13	-816.94197131623
36	13	-818.80903049643
37	13	-818.37827041229
38	13	-817.8062969
39	13	-820.20411693929
40	13	-822.24678756695
0	14	-827.45890439655
1	14	-825.43557748759
2	14	-825.53382780357
3	14	-822.66735288929
4	14	-820.24102784714
5	14	-821.65373315357
6	14	-820.00795413333
7	14	-818.71094824643
8	14	-817.2165749185
9	14	-815.28788904667
10	14	-814.13329648929
11	14	-811.26682554286
12	14	-808.01174674463
13	14	-807.59380333929
14	14	-804.47665196071
15	14	-801.61579529093
16	14	-800.41563006667
17	14	-798.96169441071
18	14	-797.4576158
19	14	-795.99712932143
20	14	-795.60475866071
21	14	-791.74055763294
22	14	-790.35137364643
23	14	-790.82066021885
24	14	-790.71104625
25	14	-791.78933780667
26	14	-792.50141265333
27	14	-792.1105564
28	14	-795.45217038214
29	14	-797.27560108103
30	14	-798.31863541429
31	14	-799.15787480357
32	14	-803.57285430859
33	14	-806.95075225714
34	14	-807.82123952
35	14	-811.1705740284
36	14	-814.03988934177
37	14	-812.69460408214
38	14	-813.38124331071
39	14	-814.05698849286
40	14	-824.47552785
0	15	-834.72131984353
1	15	-822.133293975
2	15	-819.49569750714
3	15	-819.34309933214
4	15	-818.72185023929
5	15	-816.99978132143
6	15	-816.71204244
7	15	-813.7518199
8	15	-814.11746046706
9	15	-810.23140180714
10	15	-809.58834875
11	15	-807.24297778353
12	15	-802.84178114643
13	15	-800.24778668929
14	15	-798.68921795
15	15	-798.21371270621
16	15	-796.1388136
17	15	-795.22328205
18	15	-794.78731334286
19	15	-792.389509175
20	15	-791.48488756071
21	15	-789.93793729333
22	15	-788.53121651429
23	15	-788.662002775
24	15	-789.20696168214
25	15	-790.02931424045
26	15	-791.26690318571
27	15	-792.60750145
28	15	-793.25054460714
29	15	-796.30229394286
30	15	-797.76468056372
31	15	-802.00691488246
32	15	-804.23710484821
33	15	-808.21505241429
34	15	-809.87172522143
35	15	-811.79658659368
36	15	-815.14551407566
37	15	-815.65917513571
38	15	-813.86080613214
39	15	-817.61011652857
40	15	-817.96378755359
0	16	-830.03887472514
1	16	-826.122396675
2	16	-823.96435705714
3	16	-824.31313165
4	16	-823.21230586071
5	16	-822.59868216444
6	16	-819.68243304
7	16	-818.52565995714
8	16	-816.79484556432
9	16	-814.68915343214
10	16	-811.37341091766
11	16	-809.69734488571
12	16	-806.65647971786
13	16	-805.174197175
14	16	-803.80089886429
15	16	-800.34410661516
16	16	-796.87559142667
17	16	-797.34861372857
18	16	-794.68922515
19	16	-791.71376598571
20	16	-790.29443701527
21	16	-789.79551866786
22	16	-787.99716553571
23	16	-786.10070833929
24	16	-785.80642985
25	16	-786.05110307363
26	16	-789.152479475
27	16	-789.07618336071
28	16	-789.35955191786
29	16	-791.20150114643
30	16	-793.6356983926
31	16	-795.46306843571
32	16	-803.81539789857
33	16	-803.51753623571
34	16	-803.212357725
35	16	-807.89229694737
36	16	-812.89079239286
37	16	-812.34583545
38	16	-811.9316628
39	16	-813.02157865
40	16	-820.82525650216
0	17	-832.65961608003
1	17	-823.92075899643
2	17	-822.46026655714
3	17	-821.04336821071
4	17	-819.62647383571
5	17	-817.85858754212
6	17	-816.36762430714
7	17	-814.15509650714
8	17	-812.97250740263
9	17	-809.84992721429
10	17	-809.50593549952
11	17	-806.98345028571
12	17	-805.43578551071
13	17	-802.36222229286
14	17	-797.58840206071
15	17	-795.56945424869
16	17	-796.04144386667
17	17	-794.68923306786
18	17	-793.99168986429
19	17	-790.30777954643
20	17	-788.4815876963
21	17	-789.10378601333
22	17	-787.87727136071
23	17	-786.91814770357
24	17	-787.23422224643
25	17	-788.03802166921
26	17	-789.26655211333
27	17	-790.62385606429
28	17	-792.23692289286
29	17	-795.27778013571
30	17	-796.93947470048
31	17	-801.29714353878
32	17	-804.13477110179
33	17	-808.71642716071
34	17	-810.64556853214
35	17	-810.6767543148
36	17	-813.3550944
37	17	-813.73001988214
38	17	-813.108766825
39	17	-817.28314988214
40	17	-814.4468021467
0	18	-827.37428491221
1	18	-826.13329074286
2	18	-824.55291206786
3	18	-826.231376975
4	18	-824.37851783929
5	18	-822.32591420967
6	18	-821.05427813214
7	18	-820.06899789333
8	18	-818.28541430549
9	18	-815.14691425357
10	18	-813.64292386277
11	18	-811.92076078929
12	18	-809.83539503333
13	18	-806.53950185333
14	18	-803.43033218929
15	18	-801.4664852685
16	18	-799.47394736429
17	18	-797.62836336667
18	18	-793.70598890668
19	18	-791.13610702857
20	18	-789.09230064558
21	18	-787.288714375
22	18	-786.88545163214
23	18	-785.762843675
24	18	-786.29689663929
25	18	-786.1472409815
26	18	-785.88272396429
27	18	-787.78135866
28	18	-787.90342768667
29	18	-791.23420513929
30	18	-794.58910439988
31	18	-795.29958015
32	18	-798.82770287005
33	18	-801.512084875
34	18	-803.70281857143
35	18	-805.83217843186
36	18	-809.98071940357
37	18	-810.97472441333
38	18	-812.63964921169
39	18	-813.40304532143
40	18	-819.79834381925
0	19	-831.65727497098
1	19	-824.86898264643
2	19	-823.56108243214
3	19	-821.47934686071
4	19	-821.065176175
5	19	-819.73546997857
6	19	-819.33656155333
7	19	-817.05428136429
8	19	-814.855632921
9	19	-812.66335883333
10	19	-810.32969926265
11	19	-807.87718976071
12	19	-805.88264633214
13	19	-803.48108370811
14	19	-801.49029279286
15	19	-800.17149455
16	19	-798.99412450274
17	19	-797.18529026874
18	19	-793.67139498926
19	19	-790.89415018
20	19	-788.53548180835
21	19	-787.82277328571
22	19	-788.269645975
23	19	-789.283259775
24	19	-788.95628324643
25	19	-789.31595386071
26	19	-789.97286840895
27	19	-792.12792475714
28	19	-794.52173413246
29	19	-797.50120594643
30	19	-798.73156458604
31	19	-799.81315061623
32	19	-802.13037138914
33	19	-805.41397756071
34	19	-807.986174
35	19	-811.35401175357
36	19	-813.22668906062
37	19	-814.96488177315
38	19	-816.95581398783
39	19	-819.0086430599
40	19	-816.99474675043
0	20	-828.96111613448
1	20	-829.81720502857
2	20	-827.99704989286
3	20	-827.34309482143
4	20	-825.79542212143
5	20	-824.28042367857
6	20	-823.64827656786
7	20	-822.25318815714
8	20	-819.65397410597
9	20	-816.02974972857
10	20	-815.33220256071
11	20	-814.30768676071
12	20	-810.41668811786
13	20	-807.027052325
14	20	-805.65376196071
15	20	-801.89356344643
16	20	-800.0080142
17	20	-798.35133940714
18	20	-793.77370549286
19	20	-790.96172864643
20	20	-790.30717849427
21	20	-788.27656189905
22	20	-786.39498088214
23	20	-786.49308098214
24	20	-784.74921799643
25	20	-784.90180625
26	20	-788.35682426071
27	20	-789.31594791786
28	20	-789.577538275
29	20	-792.33501703929
30	20	-796.21510774286
31	20	-797.04344316429
32	20	-799.56696700561
33	20	-802.62379481786
34	20	-805.40308153929
35	20	-806.96166019643
36	20	-811.05972928929
37	20	-811.80087652857
38	20	-813.87170811786
39	20	-816.40030449286
40	20	-823.15353050144
0	21	-832.92489380086
1	21	-826.07880258571
2	21	-825.38125540357
3	21	-824.08425320714
4	21	-822.49296460714
5	21	-820.45481718929
6	21	-819.53926978571
7	21	-817.78450281786
8	21	-815.08141531659
9	21	-812.78180218214
10	21	-810.34038803929
11	21	-807.65920142143
12	21	-805.57746979643
13	21	-802.67829682857
14	21	-799.49574936429
15	21	-797.79549039286
16	21	-796.20421367143
17	21	-794.50394674643
18	21	-792.83637789643
19	21	-791.23420315714
20	21	-789.46412110072
21	21	-787.65928594667
22	21	-787.90997139643
23	21	-786.61296723214
24	21	-790.52576785357
25	21	-790.28598149286
26	21	-791.15791101071
27	21	-794.12247610714
28	21	-795.52846255
29	21	-798.12245898929
30	21	-799.03798458214
31	21	-800.28048871071
32	21	-802.28041401384
33	21	-807.32132884643
34	21	-808.76001531786
35	21	-810.43848219643
36	21	-814.17689455714
37	21	-817.75181467857
38	21	-816.716394925
39	21	-817.99158320357
40	21	-820.03116901379
0	22	-830.65844320618
1	22	-827.78996753214
2	22	-825.98070646071
3	22	-824.65079555155
4	22	-825.21775921429
5	22	-825.19632356456
6	22	-824.24773356429
7	22	-820.60740544643
8	22	-818.3083611494
9	22	-816.93438325
10	22	-815.38475792566
11	22	-811.44265381333
12	22	-809.73003896786
13	22	-806.32950713571
14	22	-807.048850375
15	22	-803.05209790191
16	22	-801.40310458214
17	22	-798.96169443214
18	22	-796.55298429643
19	22	-793.06526425357
20	22	-791.57777581874
21	22	-789.01655866957
22	22	-787.46310465
23	22	-787.44131057143
24	22	-786.79826542857
25	22	-787.86431860609
26	22	-788.26963806071
27	22	-789.01077538571
28	22	-789.57752837143
29	22	-791.81185219643
30	22	-794.70090227542
31	22	-798.01491342667
32	22	-799.20062315955
33	22	-800.74915152857
34	22	-802.55840665
35	22	-805.17631112816
36	22	-809.10878591786
37	22	-810.78725280714
38	22	-812.92348051429
39	22	-816.01884575
40	22	-823.03692325948
0	23	-833.99958920963
1	23	-825.67553388214
2	23	-824.89078861071
3	23	-823.531697421
4	23	-822.06789985714
5	23	-821.00468733938
6	23	-818.83083648214
7	23	-816.70344791169
8	23	-813.60616475334
9	23	-813.92621611786
10	23	-811.60903250525
11	23	-808.06246615357
12	23	-805.79430228174
13	23	-805.40017248667
14	23	-802.95078126071
15	23	-800.07098976456
16	23	-797.79548641786
17	23	-797.17510170477
18	23	-795.79731324
19	23	-793.27234067143
20	23	-791.30536808556
21	23	-791.32139333929
22	23	-790.05709710714
23	23	-788.51378018667
24	23	-791.11432087857
25	23	-789.59959764714
26	23	-790.83093249286
27	23	-792.43102427792
28	23	-795.15939663425
29	23	-797.272321575
30	23	-798.94933131325
31	23	-800.92353385357
32	23	-802.41151261814
33	23	-805.98950658365
34	23	-808.22595641071
35	23	-809.93420409988
36	23	-813.89350814286
37	23	-814.96162001429
38	23	-815.98565626611
39	23	-819.26680519643
40	23	-818.81925497586
0	24	-829.97047403635
1	24	-829.59921868571
2	24	-827.80085563571
3	24	-827.53927321429
4	24	-825.83900828929
5	24	-824.67279830357
6	24	-823.96434913214
7	24	-822.31857038214
8	24	-819.68930450644
9	24	-818.75156310823
10	24	-817.23955579643
11	24	-815.45209475357
12	24	-812.09515105
13	24	-806.86355810357
14	24	-806.71096984286
15	24	-805.13568774667
16	24	-801.75841150667
17	24	-799.45215329643
18	24	-797.8790454469
19	24	-795.71375083571
20	24	-794.24235839643
21	24	-791.32138989333
22	24	-791.22330115
23	24	-789.79550874643
24	24	-788.81459697143
25	24	-789.44673813929
26	24	-788.62930670714
27	24	-789.65310587333
28	24	-790.55845402857
29	24	-792.52175563333
30	24	-795.670152775
31	24	-796.98894309286
32	24	-800.12634246838
33	24	-802.45013967333
34	24	-803.41943414643
35	24	-805.48693780883
36	24	-809.48445618699
37	24	-810.12023015333
38	24	-813.39238434558
39	24	-814.86145218413
40	24	-823.9528965658
0	25	-834.99709269828
1	25	-826.04610255
2	25	-826.27498493571
3	25	-824.43303970357
4	25	-823.36491594286
5	25	-822.42642204976
6	25	-820.18233276429
7	25	-817.33763803571
8	25	-818.43034252697
9	25	-814.93983585714
10	25	-813.21176224821
11	25	-810.89334137333
12	25	-809.45755653929
13	25	-806.950762175
14	25	-801.75187521071
15	25	-801.50119279286
16	25	-800.42240794905
17	25	-796.17150571429
18	25	-795.99712139643
19	25	-794.99440363214
20	25	-793.65208901205
21	25	-794.14427415357
22	25	-794.12247809286
23	25	-793.27234860357
24	25	-792.77098774286
25	25	-793.74099950357
26	25	-793.84417557333
27	25	-795.61565866786
28	25	-794.54753887143
29	25	-797.79547849643
30	25	-800.09283215465
31	25	-802.34013811002
32	25	-804.41409249129
33	25	-806.29680709643
34	25	-808.61832508214
35	25	-812.58560990714
36	25	-812.7776585506
37	25	-815.24500444286
38	25	-816.94526540357
39	25	-820.06243463571
40	25	-820.40037901063
0	26	-830.92545721882
1	26	-833.40301524643
2	26	-831.31039155
3	26	-829.27224413214
4	26	-828.01884596071
5	26	-825.38278539773
6	26	-824.20613664284
7	26	-825.16326707143
8	26	-823.96796379535
9	26	-824.07333734286
10	26	-819.8662941963
11	26	-817.91540850167
12	26	-816.48751251786
13	26	-812.71640805714
14	26	-810.54747636786
15	26	-807.36133874451
16	26	-806.07883066429
17	26	-803.68101657857
18	26	-802.53661057857
19	26	-801.94805361071
20	26	-800.55679051862
21	26	-799.19056886786
22	26	-798.20965113929
23	26	-796.84726673571
24	26	-798.56932971429
25	26	-796.5578173827
26	26	-796.46577626429
27	26	-795.37587033214
28	26	-795.364976275
29	26	-797.94806873571
30	26	-802.02330589964
31	26	-803.42209046038
32	26	-805.39116438854
33	26	-806.68917577143
34	26	-809.52295461429
35	26	-813.37235891766
36	26	-815.29299653043
37	26	-814.19868068214
38	26	-816.90167726071
39	26	-816.96707138214
40	26	-826.88670613276
0	27	-836.1735167125
1	27	-830.05698744286
2	27	-828.55290089643
3	27	-826.558357475
4	27	-827.04882029643
5	27	-826.99643208711
6	27	-823.33220202143
7	27	-822.46026061071
8	27	-822.9034818315
9	27	-820.38941711786
10	27	-817.76136074594
11	27	-815.79651181333
12	27	-814.00250429286
13	27	-812.61831589643
14	27	-809.94802135357
15	27	-809.02559446802
16	27	-806.86356405714
17	27	-803.38674007143
18	27	-804.6510462
19	27	-804.99981483929
20	27	-802.91807385
21	27	-800.33791746611
22	27	-798.89628841786
23	27	-800.01891024643
24	27	-801.59929091786
25	27	-801.39474723998
26	27	-801.34859660357
27	27	-802.26412814643
28	27	-801.80636534286
29	27	-803.75730673929
30	27	-805.92212831026
31	27	-808.00797601786
32	27	-811.03692470835
33	27	-813.849916025
34	27	-816.07334183929
35	27	-817.41975910823
36	27	-818.05698524643
37	27	-819.88806022143
38	27	-820.68370156429
39	27	-823.41938824286
40	27	-824.18131610733
0	28	-834.35474185345
1	28	-832.49838768571
2	28	-831.506571925
3	28	-830.50602322
4	28	-831.17958944286
5	28	-830.38723132685
6	28	-829.89349320714
7	28	-827.80670610835
8	28	-826.01096937995
9	28	-825.06516697857
10	28	-822.18570825871
11	28	-821.07607417857
12	28	-819.24756609881
13	28	-817.58765198914
14	28	-816.52020264286
15	28	-813.12254040334
16	28	-811.67009225
17	28	-808.6553834
18	28	-808.48116718902
19	28	-807.65920935357
20	28	-806.65775658126
21	28	-805.9480365
22	28	-805.43596157363
23	28	-802.89913984439
24	28	-804.52025796429
25	28	-801.8579735463
26	28	-802.86357918571
27	28	-804.38313806265
28	28	-803.06082481563
29	28	-805.56655790714
30	28	-808.07037043795
31	28	-809.07608986429
32	28	-811.03983354582
33	28	-814.50347467351
34	28	-815.22320837857
35	28	-816.96746789165
36	28	-817.83901080357
37	28	-819.76723114523
38	28	-821.49314758
39	28	-822.08969989286
40	28	-827.93332456422
0	29	-839.23360631695
1	29	-831.72848368652
2	29	-830.85261883929
3	29	-829.39213433571
4	29	-828.35671655
5	29	-827.77794005489
6	29	-827.10840027333
7	29	-826.29677108571
8	29	-825.91628558711
9	29	-824.09732002667
10	29	-822.26873439976
11	29	-821.03247018929
12	29	-817.3812401
13	29	-816.64010673929
14	29	-816.00714623377
15	29	-814.408427129
16	29	-810.81995483214
17	29	-809.53385265
18	29	-807.77908765714
19	29	-807.44121506786
20	29	-807.83074832721
21	29	-807.16873463214
22	29	-807.12316153162
23	29	-807.38672493571
24	29	-808.26955446071
25	29	-809.14148199643
26	29	-807.55799218079
27	29	-809.79470168
28	29	-810.88533905357
29	29	-811.25590373571
30	29	-812.84646791333
31	29	-815.14691426071
32	29	-815.74712631647
33	29	-818.58378224
34	29	-817.6062172784
35	29	-818.75228077411
36	29	-822.72104086754
37	29	-823.82886008413
38	29	-824.08425520357
39	29	-824.30223162857
40	29	-825.71817305431
0	30	-836.26779338319
1	30	-834.63462133929
2	30	-834.32944678929
3	30	-832.93435837857
4	30	-832.18231709286
5	30	-831.75725037143
6	30	-832.02973478571
7	30	-831.60466409643
8	30	-831.74268506969
9	30	-830.37306197143
10	30	-825.32675335
11	30	-823.43029417857
12	30	-823.60468048571
13	30	-822.28588224643
14	30	-820.81449376429
15	30	-818.65646009286
16	30	-817.27225584286
17	30	-814.776337675
18	30	-813.915300225
19	30	-813.38124528571
20	30	-812.00014631504
21	30	-811.93093360667
22	30	-811.56109611429
23	30	-812.35673149286
24	30	-812.66191196786
25	30	-812.97798653214
26	30	-812.72731205714
27	30	-810.86355290357
28	30	-813.84992397857
29	30	-813.35946708214
30	30	-813.15236091786
31	30	-814.41667298214
32	30	-815.53226887697
33	30	-818.90712267143
34	30	-819.47388160357
35	30	-821.15235840714
36	30	-823.32130795357
37	30	-825.926208375
38	30	-824.47661991429
39	30	-825.67553984643
40	30	-829.97223623635
0	31	-839.50327350244
1	31	-835.99701368571
2	31	-835.9098235
3	31	-836.17140791786
4	31	-835.34306655357
5	31	-834.05697031429
6	31	-832.73818000357
7	31	-833.08695061786
8	31	-833.38837619797
9	31	-832.55288773571
10	31	-828.74919024773
11	31	-827.12169789749
12	31	-827.78994969286
13	31	-826.77633588929
14	31	-825.34854545357
15	31	-823.53929033929
16	31	-820.79269175714
17	31	-818.17688339286
18	31	-817.75181467857
19	31	-817.67551856786
20	31	-817.11204112411
21	31	-816.98886347143
22	31	-817.29404395357
23	31	-817.5992284
24	31	-817.92620493929
25	31	-818.98342869643
26	31	-817.81721871429
27	31	-817.87170091429
28	31	-819.713667975
29	31	-818.71094825357
30	31	-819.04545092995
31	31	-822.05605713986
32	31	-822.95484892613
33	31	-824.82539250714
34	31	-826.23137696071
35	31	-826.22047695
36	31	-826.72184573929
37	31	-827.89894978929
38	31	-829.78450102857
39	31	-830.16597961071
40	31	-830.41027535072
0	32	-838.92053918549
1	32	-838.46022187857
2	32	-837.871668875
3	32	-837.72997468214
4	32	-838.32942572857
5	32	-837.28209382255
6	32	-835.81608670667
7	32	-834.68911545
8	32	-834.47142183496
9	32	-834.16596051071
10	32	-831.74705382888
11	32	-829.30566118
12	32	-829.95888930714
13	32	-829.40303633571
14	32	-827.57198515714
15	32	-826.09546907804
16	32	-823.39403480453
17	32	-821.64283114643
18	32	-820.54201131786
19	32	-821.0324682
20	32	-820.2705152599
21	32	-819.54000252667
22	32	-819.60466786786
23	32	-820.95617011786
24	32	-818.56925405357
25	32	-820.06621448771
26	32	-820.05893180143
27	32	-819.953450375
28	32	-821.29404865357
29	32	-821.90441358214
30	32	-821.81097713317
31	32	-824.42212183929
32	32	-824.84744365704
33	32	-825.56216308
34	32	-825.38124549643
35	32	-825.15663036933
36	32	-826.54595068401
37	32	-828.73716566742
38	32	-829.02082976
39	32	-830.49294622857
40	32	-835.98936292141
0	33	-847.31769379138
1	33	-840.14957885714
2	33	-838.86441885561
3	33	-837.97265792
4	33	-837.59917652143
5	33	-838.4747570685
6	33	-836.28039611429
7	33	-834.01038066563
8	33	-835.08031384702
9	33	-835.95341761429
10	33	-835.53115811563
11	33	-833.95886623571
12	33	-831.47355309558
13	33	-829.18327899308
14	33	-829.566516675
15	33	-828.64576292673
16	33	-827.86623984286
17	33	-826.91801619643
18	33	-826.70149243333
19	33	-824.116945325
20	33	-825.22509708735
21	33	-824.42211787857
22	33	-824.76914764272
23	33	-824.68938891802
24	33	-824.90167474643
25	33	-823.8077306543
26	33	-826.14418876071
27	33	-825.84699449333
28	33	-826.04011213568
29	33	-825.87172021429
30	33	-826.23785981706
31	33	-827.22319667143
32	33	-826.18614388759
33	33	-826.88753233007
34	33	-828.90167747143
35	33	-829.64796595346
36	33	-830.601938425
37	33	-831.78775719333
38	33	-832.20007476504
39	33	-834.29674083214
40	33	-838.68507469871
0	34	-848.77954694914
1	34	-847.00586544
2	34	-845.25618726667
3	34	-847.005140625
4	34	-844.79262276429
5	34	-843.62642069643
6	34	-843.97446068667
7	34	-842.03513408214
8	34	-842.01559150943
9	34	-841.25302130955
10	34	-841.99153404286
11	34	-841.69725753571
12	34	-839.48473371429
13	34	-836.93433334286
14	34	-836.01953138667
15	34	-838.08963936429
16	34	-834.97249392143
17	34	-834.65641434
18	34	-833.92617811071
19	34	-832.9378926895
20	34	-833.97032145728
21	34	-832.95615444643
22	34	-831.2153554352
23	34	-833.23953094643
24	34	-832.11328568
25	34	-832.62190844667
26	34	-831.80859256444
27	34	-833.42481328929
28	34	-833.03243866429
29	34	-832.08754769558
30	34	-833.6754957
31	34	-833.588299575
32	34	-834.71104074069
33	34	-836.24769214643
34	34	-836.75995499286
35	34	-836.89074718214
36	34	-838.11641118484
37	34	-837.28310595
38	34	-838.90852413333
39	34	-840.18226702143
40	34	-842.31780277328
0	35	-852.18998124253
1	35	-847.28851117857
2	35	-848.25853881429
3	35	-848.30213488214
4	35	-846.92883856429
5	35	-846.66570506706
6	35	-846.37254498628
7	35	-845.18497954643
8	35	-843.52435530525
9	35	-843.39752244643
10	35	-843.35392439286
11	35	-844.34574609643
12	35	-843.93157541786
13	35	-840.007890625
14	35	-841.010608375
15	35	-840.79088110632
16	35	-840.53104753571
17	35	-839.05966300357
18	35	-839.10326503571
19	35	-836.78175301786
20	35	-838.31853760714
21	35	-836.28402350667
22	35	-836.09510386429
23	35	-836.91253728214
24	35	-837.67548255357
25	35	-837.11962163929
26	35	-835.79574002
27	35	-837.66457856429
28	35	-840.53104952143
29	35	-838.68909238214
30	35	-838.81988261071
31	35	-839.05965905357
32	35	-838.97694459523
33	35	-840.07329070357
34	35	-840.52015745714
35	35	-841.39208695
36	35	-841.9196081
37	35	-842.40570670357
38	35	-840.585545625
39	35	-842.22041445357
40	35	-842.59930825474
0	36	-849.82092450057
1	36	-848.55281134286
2	36	-847.41930733571
3	36	-848.91248988571
4	36	-848.716303575
5	36	-847.77315026611
6	36	-846.39479948214
7	36	-847.00514656786
8	36	-845.99453952852
9	36	-843.31032831429
10	36	-844.64090951969
11	36	-843.71359701071
12	36	-842.08962621071
13	36	-841.42477706786
14	36	-839.19045125357
15	36	-841.45258169678
16	36	-840.81442203929
17	36	-840.31306118929
18	36	-838.85257866786
19	36	-839.04877093571
20	36	-838.85604103067
21	36	-839.22315722857
22	36	-837.92615306071
23	36	-837.893464925
24	36	-837.53379628214
25	36	-837.30941080549
26	36	-835.53924690714
27	36	-836.98884330714
28	36	-838.20953947143
29	36	-838.59100220714
30	36	-837.18632081158
31	36	-839.25585330357
32	36	-840.15358717745
33	36	-839.37574351786
34	36	-839.89890438929
35	36	-839.28759001993
36	36	-841.74085756071
37	36	-841.56647722143
38	36	-841.04331634286
39	36	-840.465657375
40	36	-845.91416390057
0	37	-852.56181384095
1	37	-848.640001525
2	37	-847.55902118186
3	37	-847.39242659333
4	37	-849.19586638929
5	37	-846.29133692566
6	37	-843.68090094643
7	37	-845.06509329286
8	37	-844.56952634726
9	37	-845.10869134643
10	37	-844.24614957589
11	37	-843.42513714667
12	37	-842.754471375
13	37	-841.82805171071
14	37	-841.06510446429
15	37	-841.33859306766
16	37	-842.64547918214
17	37	-839.61551995714
18	37	-841.8992577
19	37	-839.1468631
20	37	-839.3134489543
21	37	-839.3094405
22	37	-838.59100616071
23	37	-838.77629642857
24	37	-837.29400991071
25	37	-838.76718616086
26	37	-839.59372389643
27	37	-839.09237296071
28	37	-840.22587895357
29	37	-840.40026525357
30	37	-840.09969010931
31	37	-840.74682466062
32	37	-843.03455823043
33	37	-839.68092201071
34	37	-841.34849086786
35	37	-842.23737568568
36	37	-842.69998319643
37	37	-842.76537137143
38	37	-841.032416325
39	37	-842.38391063214
40	37	-843.05313462313
0	38	-850.23397244971
1	38	-849.78441347857
2	38	-847.61621426
3	38	-847.90498462446
4	38	-847.5609956
5	38	-847.96724548902
6	38	-845.958818875
7	38	-846.82275266667
8	38	-845.0648034747
9	38	-843.98607744643
10	38	-846.14712663043
11	38	-845.27217566786
12	38	-844.73811875357
13	38	-842.57063919333
14	38	-840.38935533214
15	38	-842.52543604069
16	38	-841.0324064
17	38	-841.93994368667
18	38	-839.43023563214
19	38	-839.99699655714
20	38	-840.08476189033
21	38	-841.01061431786
22	38	-840.19318288214
23	38	-839.92634214141
24	38	-840.74903585
25	38	-840.82293599737
26	38	-839.52833573214
27	38	-839.15268066667
28	38	-839.34304545714
29	38	-842.22041443929
30	38	-842.33097121969
31	38	-842.65638911429
32	38	-841.01522019666
33	38	-840.59645354643
34	38	-842.55829297143
35	38	-845.03748999379
36	38	-844.26944998571
37	38	-842.17681438571
38	38	-842.34030464643
39	38	-841.35938690714
40	38	-846.48636806221
0	39	-854.53669833865
1	39	-847.79931963333
2	39	-849.06071064
3	39	-849.75715447399
4	39	-848.59277384
5	39	-848.5204277457
6	39	-849.413848775
7	39	-848.77079768571
8	39	-848.06667278007
9	39	-846.60197342422
10	39	-848.02965641429
11	39	-848.77080165714
12	39	-847.25582105714
13	39	-846.88524249643
14	39	-845.23584427333
15	39	-846.503771825
16	39	-846.44927970357
17	39	-843.31033227143
18	39	-844.22586183214
19	39	-842.47109883571
20	39	-844.29968631038
21	39	-844.91033058667
22	39	-844.62913050714
23	39	-843.27763225357
24	39	-842.95064976071
25	39	-843.18348734451
26	39	-844.02967550714
27	39	-844.07617932667
28	39	-843.2588809185
29	39	-844.8253109
30	39	-843.39751849286
31	39	-844.60732652857
32	39	-844.95118711038
33	39	-842.71088322857
34	39	-845.46836198571
35	39	-846.67816209286
36	39	-845.81713259643
37	39	-845.16318348214
38	39	-844.45736335263
39	39	-845.53375016071
40	39	-846.8845008227
0	40	-857.31573783
1	40	-853.43859758182
2	40	-851.13589914545
3	40	-850.69201683636
4	40	-850.63654100909
5	40	-850.7197724
6	40	-849.88746846364
7	40	-849.11065551818
8	40	-848.58352667273
9	40	-849.11064543636
10	40	-848.66675808182
11	40	-848.83322591818
12	40	-848.83321583636
13	40	-849.11064543636
14	40	-847.11313216364
15	40	-845.8369409
16	40	-847.64025597273
17	40	-846.58601845455
18	40	-847.52928917273
19	40	-848.2506162
20	40	-847.39057183636
21	40	-845.19886037273
22	40	-845.19886037273
23	40	-843.95041963636
24	40	-843.58974855455
25	40	-843.17360164545
26	40	-845.47628999091
27	40	-845.9756683
28	40	-845.25434630909
29	40	-845.64274774545
30	40	-847.55702455455
31	40	-847.08538666364
32	40	-845.67048311818
33	40	-844.75495284545
34	40	-846.25309284545
35	40	-846.41956068182
36	40	-847.16862816364
37	40	-847.55703464545
38	40	-847.2796
39	40	-848.63901763636
40	40	-851.196957375
