0 0 -871.2774946
0.5 0 -853.5773199
1 0 -854.187665
1.5 0 -860.9015167
2 0 -854.7980102
2.5 0 -856.3239007
3 0 -865.7843331
3.5 0 -866.6998785
4 0 -859.6808265
4.5 0 -859.3756817
5 0 -860.5963719
5.5 0 -852.3566297
6 0 -861.5118618
6.5 0 -853.8824647
7 0 -855.1032105
7.5 0 -861.2067171
8 0 -855.7135556
8.5 0 -860.5963719
9 0 -843.5065424
9.5 0 -862.1222625
10 0 -861.8170622
10.5 0 -859.3756817
11 0 -853.8824647
11.5 0 -862.1222625
12 0 -846.5582679
12.5 0 -851.4410843
13 0 -841.9806519
13.5 0 -857.8497912
14 0 -859.9860268
14.5 0 -858.154936
15 0 -854.187665
15.5 0 -856.0187004
16 0 -842.2857967
16.5 0 -855.1032105
17 0 -854.4928654
17.5 0 -853.2721196
18 0 -849.9151938
18.5 0 -856.629101
19 0 -860.5963719
19.5 0 -849.610049
20 0 -847.168613
20.5 0 -850.5255389
21 0 -850.5255389
21.5 0 -848.9997039
22 0 -849.610049
22.5 0 -857.5445909
23 0 -856.629101
23.5 0 -858.4601363
24 0 -847.4738133
24.5 0 -856.3239007
25 0 -856.0187004
25.5 0 -841.3703068
26 0 -853.8824647
26.5 0 -851.135884
27 0 -852.6617745
27.5 0 -857.2394461
28 0 -851.135884
28.5 0 -859.0704814
29 0 -854.7980102
29.5 0 -858.154936
30 0 -852.6617745
30.5 0 -851.7462846
31 0 -858.154936
31.5 0 -848.0841585
32 0 -856.3239007
32.5 0 -859.3756817
33 0 -851.4410843
33.5 0 -857.5445909
34 0 -858.154936
34.5 0 -853.2721196
35 0 -860.2911716
35.5 0 -858.4601363
36 0 -851.135884
36.5 0 -859.3756817
37 0 -849.9151938
37.5 0 -861.5118618
38 0 -867.3102236
38.5 0 -858.7652811
39 0 -856.0187004
39.5 0 -851.135884
40 0 -856.629101
40 1 -864.2584426
39.5 1 -846.5582679
39 1 -854.187665
38.5 1 -857.2394461
38 1 -855.4083553
37.5 1 -858.7652811
37 1 -854.4928654
36.5 1 -853.5773199
36 1 -856.629101
35.5 1 -848.0841585
35 1 -856.0187004
34.5 1 -860.9015167
34 1 -851.7462846
33.5 1 -859.3756817
33 1 -856.0187004
32.5 1 -856.3239007
32 1 -838.623726
31.5 1 -866.0895334
31 1 -850.5255389
30.5 1 -851.135884
30 1 -849.3048487
29.5 1 -843.8116872
29 1 -852.3566297
28.5 1 -852.3566297
28 1 -851.135884
27.5 1 -849.9151938
27 1 -848.3893033
26.5 1 -851.7462846
26 1 -855.7135556
25.5 1 -854.7980102
25 1 -854.187665
24.5 1 -849.610049
24 1 -857.5445909
23.5 1 -847.7789581
23 1 -841.9806519
22.5 1 -851.7462846
22 1 -849.9151938
21.5 1 -858.4601363
21 1 -853.5773199
20.5 1 -853.5773199
20 1 -856.0187004
19.5 1 -859.3756817
19 1 -846.5582679
18.5 1 -851.4410843
18 1 -849.3048487
17.5 1 -853.5773199
17 1 -857.2394461
16.5 1 -850.8307392
16 1 -852.9669748
15.5 1 -850.5255389
15 1 -859.6808265
14.5 1 -853.5773199
14 1 -858.154936
13.5 1 -854.187665
13 1 -858.7652811
12.5 1 -856.3239007
12 1 -859.9860268
11.5 1 -859.6808265
11 1 -856.3239007
10.5 1 -863.9532978
10 1 -848.9997039
9.5 1 -852.0514294
9 1 -858.154936
8.5 1 -859.0704814
8 1 -859.6808265
7.5 1 -843.8116872
7 1 -855.1032105
6.5 1 -854.4928654
6 1 -857.5445909
5.5 1 -853.8824647
5 1 -865.173988
4.5 1 -856.629101
4 1 -866.0895334
3.5 1 -862.4274073
3 1 -860.9015167
2.5 1 -859.6808265
2 1 -856.9342458
1.5 1 -854.7980102
1 1 -866.3946782
0.5 1 -858.7652811
0 1 -856.629101
0 2 -871.8878397
0.5 2 -856.0187004
1 2 -852.6617745
1.5 2 -863.0377524
2 2 -854.4928654
2.5 2 -859.3756817
3 2 -862.4274073
3.5 2 -859.9860268
4 2 -862.7326076
4.5 2 -855.7135556
5 2 -855.4083553
5.5 2 -856.9342458
6 2 -859.3756817
6.5 2 -856.3239007
7 2 -863.3429527
7.5 2 -854.187665
8 2 -861.2067171
8.5 2 -861.5118618
9 2 -854.4928654
9.5 2 -844.7272326
10 2 -857.8497912
10.5 2 -855.4083553
11 2 -862.7326076
11.5 2 -856.9342458
12 2 -862.1222625
12.5 2 -855.1032105
13 2 -856.9342458
13.5 2 -861.5118618
14 2 -858.7652811
14.5 2 -859.0704814
15 2 -856.9342458
15.5 2 -856.0187004
16 2 -854.7980102
16.5 2 -856.3239007
17 2 -853.8824647
17.5 2 -848.0841585
18 2 -857.8497912
18.5 2 -858.154936
19 2 -852.6617745
19.5 2 -855.4083553
20 2 -854.187665
20.5 2 -852.6617745
21 2 -854.4928654
21.5 2 -856.3239007
22 2 -855.7135556
22.5 2 -852.6617745
23 2 -846.2531231
23.5 2 -855.7135556
24 2 -859.6808265
24.5 2 -851.7462846
25 2 -857.5445909
25.5 2 -852.9669748
26 2 -857.5445909
26.5 2 -856.3239007
27 2 -856.0187004
27.5 2 -849.610049
28 2 -852.0514294
28.5 2 -859.0704814
29 2 -846.2531231
29.5 2 -850.5255389
30 2 -848.3893033
30.5 2 -852.9669748
31 2 -850.8307392
31.5 2 -855.4083553
32 2 -858.4601363
32.5 2 -864.8688432
33 2 -850.5255389
33.5 2 -854.4928654
34 2 -854.187665
34.5 2 -855.7135556
35 2 -852.3566297
35.5 2 -850.8307392
36 2 -851.4410843
36.5 2 -855.7135556
37 2 -852.3566297
37.5 2 -854.7980102
38 2 -855.4083553
38.5 2 -853.8824647
39 2 -844.1168875
39.5 2 -850.8307392
40 2 -854.7980102
40 3 -864.5636429
39.5 3 -859.3756817
39 3 -851.135884
38.5 3 -857.8497912
38 3 -859.3756817
37.5 3 -866.6998785
37 3 -853.8824647
36.5 3 -856.3239007
36 3 -860.9015167
35.5 3 -851.135884
35 3 -860.9015167
34.5 3 -857.2394461
34 3 -853.8824647
33.5 3 -853.5773199
33 3 -852.0514294
32.5 3 -860.2911716
32 3 -845.3375777
31.5 3 -853.5773199
31 3 -852.9669748
30.5 3 -858.7652811
30 3 -850.2203941
29.5 3 -851.135884
29 3 -856.9342458
28.5 3 -850.2203941
28 3 -855.4083553
27.5 3 -851.135884
27 3 -848.9997039
26.5 3 -851.4410843
26 3 -855.7135556
25.5 3 -845.3375777
25 3 -850.2203941
24.5 3 -858.7652811
24 3 -859.9860268
23.5 3 -846.8634682
23 3 -848.3893033
22.5 3 -846.5582679
22 3 -853.8824647
21.5 3 -847.7789581
21 3 -856.9342458
20.5 3 -855.1032105
20 3 -853.5773199
19.5 3 -850.5255389
19 3 -848.0841585
18.5 3 -854.7980102
18 3 -837.4029803
17.5 3 -858.4601363
17 3 -848.3893033
16.5 3 -856.9342458
16 3 -847.4738133
15.5 3 -848.6945036
15 3 -852.0514294
14.5 3 -858.154936
14 3 -853.8824647
13.5 3 -850.2203941
13 3 -856.3239007
12.5 3 -856.629101
12 3 -862.7326076
11.5 3 -848.9997039
11 3 -856.3239007
10.5 3 -851.135884
10 3 -858.154936
9.5 3 -856.0187004
9 3 -858.4601363
8.5 3 -859.9860268
8 3 -852.3566297
7.5 3 -858.7652811
7 3 -862.1222625
6.5 3 -855.4083553
6 3 -861.5118618
5.5 3 -859.9860268
5 3 -863.0377524
4.5 3 -860.9015167
4 3 -859.9860268
3.5 3 -859.9860268
3 3 -856.629101
2.5 3 -852.6617745
2 3 -855.4083553
1.5 3 -860.9015167
1 3 -859.0704814
0.5 3 -863.3429527
0 3 -859.3756817
0 4 -873.7189305
0.5 4 -864.8688432
1 4 -861.8170622
1.5 4 -852.9669748
2 4 -860.5963719
2.5 4 -859.0704814
3 4 -868.8361142
3.5 4 -860.9015167
4 4 -863.9532978
4.5 4 -859.9860268
5 4 -860.9015167
5.5 4 -855.1032105
6 4 -863.6480975
6.5 4 -856.629101
7 4 -856.9342458
7.5 4 -863.9532978
8 4 -866.3946782
8.5 4 -865.173988
9 4 -864.2584426
9.5 4 -850.8307392
10 4 -856.9342458
10.5 4 -852.0514294
11 4 -860.9015167
11.5 4 -858.154936
12 4 -854.7980102
12.5 4 -855.1032105
13 4 -863.3429527
13.5 4 -856.3239007
14 4 -865.7843331
14.5 4 -853.2721196
15 4 -856.629101
15.5 4 -852.9669748
16 4 -848.9997039
16.5 4 -848.9997039
17 4 -847.168613
17.5 4 -840.149561
18 4 -851.4410843
18.5 4 -847.4738133
19 4 -848.0841585
19.5 4 -850.2203941
20 4 -853.5773199
20.5 4 -847.4738133
21 4 -844.4220323
21.5 4 -848.0841585
22 4 -848.0841585
22.5 4 -845.6427225
23 4 -856.629101
23.5 4 -861.2067171
24 4 -851.7462846
24.5 4 -858.4601363
25 4 -857.8497912
25.5 4 -852.3566297
26 4 -851.7462846
26.5 4 -852.0514294
27 4 -855.7135556
27.5 4 -857.2394461
28 4 -852.9669748
28.5 4 -856.629101
29 4 -857.2394461
29.5 4 -864.2584426
30 4 -852.9669748
30.5 4 -852.3566297
31 4 -861.2067171
31.5 4 -852.3566297
32 4 -853.8824647
32.5 4 -860.2911716
33 4 -842.8961418
33.5 4 -857.8497912
34 4 -858.154936
34.5 4 -852.0514294
35 4 -857.5445909
35.5 4 -861.5118618
36 4 -838.9288708
36.5 4 -846.8634682
37 4 -857.8497912
37.5 4 -859.0704814
38 4 -861.5118618
38.5 4 -859.6808265
39 4 -844.4220323
39.5 4 -857.2394461
40 4 -851.7462846
40 5 -869.4464593
39.5 5 -860.9015167
39 5 -854.187665
38.5 5 -856.3239007
38 5 -856.629101
37.5 5 -857.5445909
37 5 -856.3239007
36.5 5 -855.1032105
36 5 -859.0704814
35.5 5 -856.3239007
35 5 -860.2911716
34.5 5 -858.4601363
34 5 -849.610049
33.5 5 -856.3239007
33 5 -859.0704814
32.5 5 -852.9669748
32 5 -842.8961418
31.5 5 -844.1168875
31 5 -859.6808265
30.5 5 -856.629101
30 5 -850.8307392
29.5 5 -849.610049
29 5 -855.4083553
28.5 5 -849.3048487
28 5 -849.9151938
27.5 5 -848.6945036
27 5 -855.7135556
26.5 5 -852.3566297
26 5 -853.8824647
25.5 5 -843.5065424
25 5 -854.7980102
24.5 5 -845.9479228
24 5 -850.5255389
23.5 5 -847.4738133
23 5 -847.168613
22.5 5 -843.2013421
22 5 -847.7789581
21.5 5 -851.7462846
21 5 -854.7980102
20.5 5 -849.9151938
20 5 -848.0841585
19.5 5 -851.135884
19 5 -846.2531231
18.5 5 -851.135884
18 5 -850.8307392
17.5 5 -855.1032105
17 5 -844.7272326
16.5 5 -853.8824647
16 5 -851.4410843
15.5 5 -844.1168875
15 5 -852.3566297
14.5 5 -848.3893033
14 5 -856.0187004
13.5 5 -852.6617745
13 5 -855.4083553
12.5 5 -855.1032105
12 5 -864.2584426
11.5 5 -861.2067171
11 5 -862.1222625
10.5 5 -857.5445909
10 5 -857.2394461
9.5 5 -852.6617745
9 5 -856.0187004
8.5 5 -867.6154239
8 5 -859.6808265
7.5 5 -857.8497912
7 5 -859.9860268
6.5 5 -856.3239007
6 5 -860.9015167
5.5 5 -842.8961418
5 5 -866.0895334
4.5 5 -862.1222625
4 5 -863.0377524
3.5 5 -859.6808265
3 5 -860.9015167
2.5 5 -863.6480975
2 5 -856.9342458
1.5 5 -857.5445909
1 5 -860.2911716
0.5 5 -859.0704814
0 5 -858.154936
0 6 -873.4137302
0.5 6 -865.7843331
1 6 -859.6808265
1.5 6 -862.4274073
2 6 -865.7843331
2.5 6 -862.1222625
3 6 -868.2257691
3.5 6 -866.0895334
4 6 -859.0704814
4.5 6 -862.1222625
5 6 -862.4274073
5.5 6 -855.7135556
6 6 -863.0377524
6.5 6 -854.7980102
7 6 -857.8497912
7.5 6 -863.3429527
8 6 -866.3946782
8.5 6 -866.3946782
9 6 -851.135884
9.5 6 -851.135884
10 6 -863.0377524
10.5 6 -857.2394461
11 6 -855.4083553
11.5 6 -846.2531231
12 6 -851.4410843
12.5 6 -858.154936
13 6 -858.154936
13.5 6 -857.2394461
14 6 -858.154936
14.5 6 -855.4083553
15 6 -847.4738133
15.5 6 -846.8634682
16 6 -846.8634682
16.5 6 -848.9997039
17 6 -848.9997039
17.5 6 -849.9151938
18 6 -852.6617745
18.5 6 -848.0841585
19 6 -841.9806519
19.5 6 -849.3048487
20 6 -850.5255389
20.5 6 -846.2531231
21 6 -848.0841585
21.5 6 -845.9479228
22 6 -849.3048487
22.5 6 -845.6427225
23 6 -851.4410843
23.5 6 -849.3048487
24 6 -845.9479228
24.5 6 -854.187665
25 6 -851.7462846
25.5 6 -846.2531231
26 6 -847.4738133
26.5 6 -843.2013421
27 6 -853.8824647
27.5 6 -857.2394461
28 6 -856.3239007
28.5 6 -846.8634682
29 6 -855.4083553
29.5 6 -848.9997039
30 6 -854.187665
30.5 6 -851.7462846
31 6 -859.6808265
31.5 6 -854.7980102
32 6 -854.187665
32.5 6 -851.7462846
33 6 -860.5963719
33.5 6 -858.7652811
34 6 -860.5963719
34.5 6 -851.4410843
35 6 -856.629101
35.5 6 -860.5963719
36 6 -853.8824647
36.5 6 -852.6617745
37 6 -861.8170622
37.5 6 -859.6808265
38 6 -862.4274073
38.5 6 -853.5773199
39 6 -855.7135556
39.5 6 -850.8307392
40 6 -860.5963719
40 7 -869.141259
39.5 7 -857.5445909
39 7 -856.9342458
38.5 7 -851.7462846
38 7 -860.2911716
37.5 7 -857.8497912
37 7 -863.6480975
36.5 7 -862.1222625
36 7 -854.4928654
35.5 7 -852.6617745
35 7 -858.154936
34.5 7 -855.4083553
34 7 -862.4274073
33.5 7 -853.8824647
33 7 -859.3756817
32.5 7 -859.3756817
32 7 -861.2067171
31.5 7 -854.4928654
31 7 -867.9205687
30.5 7 -855.1032105
30 7 -852.6617745
29.5 7 -854.4928654
29 7 -850.5255389
28.5 7 -849.3048487
28 7 -851.4410843
27.5 7 -855.1032105
27 7 -852.9669748
26.5 7 -852.9669748
26 7 -852.6617745
25.5 7 -844.4220323
25 7 -843.8116872
24.5 7 -851.7462846
24 7 -846.8634682
23.5 7 -833.7409096
23 7 -843.5065424
22.5 7 -848.9997039
22 7 -845.0323774
21.5 7 -844.1168875
21 7 -843.2013421
20.5 7 -844.7272326
20 7 -853.5773199
19.5 7 -846.8634682
19 7 -849.9151938
18.5 7 -850.2203941
18 7 -852.0514294
17.5 7 -846.8634682
17 7 -855.1032105
16.5 7 -853.2721196
16 7 -854.7980102
15.5 7 -850.5255389
15 7 -852.9669748
14.5 7 -845.6427225
14 7 -839.2340711
13.5 7 -858.7652811
13 7 -854.4928654
12.5 7 -854.187665
12 7 -852.3566297
11.5 7 -855.4083553
11 7 -864.8688432
10.5 7 -856.0187004
10 7 -854.4928654
9.5 7 -857.2394461
9 7 -853.8824647
8.5 7 -853.8824647
8 7 -856.9342458
7.5 7 -843.8116872
7 7 -851.7462846
6.5 7 -856.3239007
6 7 -856.629101
5.5 7 -852.3566297
5 7 -860.9015167
4.5 7 -856.629101
4 7 -861.5118618
3.5 7 -865.173988
3 7 -864.2584426
2.5 7 -857.5445909
2 7 -863.6480975
1.5 7 -867.9205687
1 7 -867.9205687
0.5 7 -862.4274073
0 7 -861.8170622
0 8 -872.19304
0.5 8 -860.2911716
1 8 -859.0704814
1.5 8 -863.9532978
2 8 -855.1032105
2.5 8 -862.1222625
3 8 -868.2257691
3.5 8 -864.5636429
4 8 -869.7516596
4.5 8 -855.7135556
5 8 -859.0704814
5.5 8 -862.4274073
6 8 -857.8497912
6.5 8 -858.4601363
7 8 -859.9860268
7.5 8 -859.9860268
8 8 -860.5963719
8.5 8 -862.7326076
9 8 -845.0323774
9.5 8 -853.2721196
10 8 -849.3048487
10.5 8 -858.4601363
11 8 -859.9860268
11.5 8 -848.3893033
12 8 -852.9669748
12.5 8 -857.2394461
13 8 -841.3703068
13.5 8 -852.9669748
14 8 -851.4410843
14.5 8 -848.6945036
15 8 -853.8824647
15.5 8 -850.2203941
16 8 -849.3048487
16.5 8 -864.2584426
17 8 -848.9997039
17.5 8 -849.610049
18 8 -851.4410843
18.5 8 -845.0323774
19 8 -847.168613
19.5 8 -846.2531231
20 8 -841.9806519
20.5 8 -846.5582679
21 8 -847.168613
21.5 8 -845.9479228
22 8 -840.149561
22.5 8 -836.1822901
23 8 -838.9288708
23.5 8 -848.3893033
24 8 -843.5065424
24.5 8 -840.149561
25 8 -840.149561
25.5 8 -852.6617745
26 8 -845.6427225
26.5 8 -848.3893033
27 8 -841.3703068
27.5 8 -844.1168875
28 8 -849.3048487
28.5 8 -852.6617745
29 8 -859.3756817
29.5 8 -852.0514294
30 8 -852.6617745
30.5 8 -852.6617745
31 8 -850.5255389
31.5 8 -860.9015167
32 8 -852.6617745
32.5 8 -851.4410843
33 8 -856.9342458
33.5 8 -852.0514294
34 8 -852.9669748
34.5 8 -853.8824647
35 8 -857.5445909
35.5 8 -850.8307392
36 8 -856.9342458
36.5 8 -860.2911716
37 8 -852.3566297
37.5 8 -851.135884
38 8 -856.0187004
38.5 8 -860.2911716
39 8 -857.8497912
39.5 8 -858.4601363
40 8 -855.7135556
40 9 -870.6671495
39.5 9 -859.3756817
39 9 -854.4928654
38.5 9 -856.629101
38 9 -857.2394461
37.5 9 -867.0050233
37 9 -859.3756817
36.5 9 -861.2067171
36 9 -863.3429527
35.5 9 -854.4928654
35 9 -858.154936
34.5 9 -853.8824647
34 9 -856.0187004
33.5 9 -850.2203941
33 9 -860.2911716
32.5 9 -856.3239007
32 9 -856.0187004
31.5 9 -840.4547613
31 9 -852.3566297
30.5 9 -847.7789581
30 9 -848.9997039
29.5 9 -851.4410843
29 9 -854.7980102
28.5 9 -846.8634682
28 9 -849.9151938
27.5 9 -841.9806519
27 9 -845.0323774
26.5 9 -843.5065424
26 9 -853.8824647
25.5 9 -847.7789581
25 9 -839.2340711
24.5 9 -842.2857967
24 9 -846.5582679
23.5 9 -836.7926352
23 9 -838.623726
22.5 9 -834.0460544
22 9 -847.4738133
21.5 9 -840.7599061
21 9 -838.3185257
20.5 9 -845.3375777
20 9 -848.3893033
19.5 9 -836.4874904
19 9 -843.2013421
18.5 9 -846.8634682
18 9 -839.8444162
17.5 9 -839.5392159
17 9 -849.610049
16.5 9 -856.629101
16 9 -854.187665
15.5 9 -850.2203941
15 9 -850.5255389
14.5 9 -848.3893033
14 9 -853.8824647
13.5 9 -852.9669748
13 9 -855.7135556
12.5 9 -855.1032105
12 9 -857.2394461
11.5 9 -848.6945036
11 9 -850.5255389
10.5 9 -851.135884
10 9 -856.9342458
9.5 9 -850.8307392
9 9 -846.5582679
8.5 9 -850.2203941
8 9 -859.9860268
7.5 9 -852.6617745
7 9 -841.0651064
6.5 9 -853.8824647
6 9 -860.9015167
5.5 9 -855.1032105
5 9 -860.9015167
4.5 9 -856.629101
4 9 -868.8361142
3.5 9 -863.3429527
3 9 -861.2067171
2.5 9 -859.3756817
2 9 -865.173988
1.5 9 -856.629101
1 9 -866.0895334
0.5 9 -859.3756817
0 9 -863.9532978
0 10 -878.9068917
0.5 10 -865.4791883
1 10 -869.141259
1.5 10 -863.3429527
2 10 -863.0377524
2.5 10 -864.5636429
3 10 -873.4137302
3.5 10 -870.3620047
4 10 -867.6154239
4.5 10 -860.5963719
5 10 -859.6808265
5.5 10 -863.6480975
6 10 -866.6998785
6.5 10 -865.173988
7 10 -856.3239007
7.5 10 -862.7326076
8 10 -858.154936
8.5 10 -863.3429527
9 10 -847.4738133
9.5 10 -857.8497912
10 10 -862.1222625
10.5 10 -857.5445909
11 10 -858.7652811
11.5 10 -858.7652811
12 10 -853.5773199
12.5 10 -856.629101
13 10 -847.7789581
13.5 10 -845.9479228
14 10 -857.2394461
14.5 10 -847.168613
15 10 -850.5255389
15.5 10 -852.0514294
16 10 -848.3893033
16.5 10 -846.8634682
17 10 -845.9479228
17.5 10 -852.6617745
18 10 -850.5255389
18.5 10 -843.8116872
19 10 -845.3375777
19.5 10 -842.590997
20 10 -838.9288708
20.5 10 -846.5582679
21 10 -843.2013421
21.5 10 -840.4547613
22 10 -839.2340711
22.5 10 -843.2013421
23 10 -835.571945
23.5 10 -841.6754516
24 10 -845.9479228
24.5 10 -837.7081806
25 10 -833.4357093
25.5 10 -842.590997
26 10 -847.4738133
26.5 10 -846.2531231
27 10 -841.3703068
27.5 10 -840.149561
28 10 -841.6754516
28.5 10 -851.135884
29 10 -844.1168875
29.5 10 -847.7789581
30 10 -861.5118618
30.5 10 -855.7135556
31 10 -846.5582679
31.5 10 -849.9151938
32 10 -848.6945036
32.5 10 -852.0514294
33 10 -843.8116872
33.5 10 -860.9015167
34 10 -850.8307392
34.5 10 -856.629101
35 10 -854.7980102
35.5 10 -851.7462846
36 10 -863.0377524
36.5 10 -857.2394461
37 10 -859.0704814
37.5 10 -861.5118618
38 10 -860.2911716
38.5 10 -859.3756817
39 10 -856.9342458
39.5 10 -845.6427225
40 10 -855.4083553
40 11 -871.5826949
39.5 11 -854.4928654
39 11 -862.1222625
38.5 11 -862.1222625
38 11 -855.4083553
37.5 11 -870.3620047
37 11 -861.5118618
36.5 11 -856.629101
36 11 -857.5445909
35.5 11 -863.3429527
35 11 -856.0187004
34.5 11 -856.0187004
34 11 -858.4601363
33.5 11 -858.154936
33 11 -853.5773199
32.5 11 -854.187665
32 11 -859.3756817
31.5 11 -844.1168875
31 11 -862.1222625
30.5 11 -848.0841585
30 11 -852.9669748
29.5 11 -852.9669748
29 11 -844.7272326
28.5 11 -852.3566297
28 11 -841.0651064
27.5 11 -849.9151938
27 11 -837.7081806
26.5 11 -841.9806519
26 11 -841.6754516
25.5 11 -843.8116872
25 11 -839.5392159
24.5 11 -846.5582679
24 11 -835.571945
23.5 11 -835.2667447
23 11 -838.9288708
22.5 11 -839.8444162
22 11 -841.0651064
21.5 11 -843.2013421
21 11 -836.1822901
20.5 11 -834.9615999
20 11 -843.5065424
19.5 11 -842.590997
19 11 -847.7789581
18.5 11 -844.7272326
18 11 -848.6945036
17.5 11 -840.7599061
17 11 -846.2531231
16.5 11 -857.2394461
16 11 -847.7789581
15.5 11 -846.8634682
15 11 -847.7789581
14.5 11 -848.0841585
14 11 -851.7462846
13.5 11 -859.3756817
13 11 -850.5255389
12.5 11 -847.4738133
12 11 -846.5582679
11.5 11 -849.610049
11 11 -853.8824647
10.5 11 -852.9669748
10 11 -852.6617745
9.5 11 -860.9015167
9 11 -863.0377524
8.5 11 -859.0704814
8 11 -851.4410843
7.5 11 -865.173988
7 11 -854.7980102
6.5 11 -862.1222625
6 11 -852.3566297
5.5 11 -864.5636429
5 11 -854.187665
4.5 11 -855.1032105
4 11 -859.6808265
3.5 11 -861.8170622
3 11 -862.1222625
2.5 11 -862.1222625
2 11 -860.2911716
1.5 11 -866.6998785
1 11 -868.2257691
0.5 11 -858.154936
0 11 -866.0895334
0 12 -876.7706561
0.5 12 -866.6998785
1 12 -867.6154239
1.5 12 -866.6998785
2 12 -866.0895334
2.5 12 -865.7843331
3 12 -869.4464593
3.5 12 -864.8688432
4 12 -866.6998785
4.5 12 -867.0050233
5 12 -867.0050233
5.5 12 -858.7652811
6 12 -865.173988
6.5 12 -859.9860268
7 12 -857.2394461
7.5 12 -867.3102236
8 12 -855.7135556
8.5 12 -872.19304
9 12 -853.2721196
9.5 12 -866.0895334
10 12 -859.0704814
10.5 12 -859.0704814
11 12 -851.4410843
11.5 12 -863.9532978
12 12 -854.4928654
12.5 12 -854.187665
13 12 -851.7462846
13.5 12 -848.9997039
14 12 -855.1032105
14.5 12 -850.2203941
15 12 -850.8307392
15.5 12 -841.6754516
16 12 -847.168613
16.5 12 -842.2857967
17 12 -849.9151938
17.5 12 -842.590997
18 12 -857.5445909
18.5 12 -847.168613
19 12 -845.3375777
19.5 12 -837.0978355
20 12 -836.7926352
20.5 12 -841.3703068
21 12 -839.5392159
21.5 12 -836.7926352
22 12 -834.3512548
22.5 12 -838.0133254
23 12 -841.3703068
23.5 12 -841.6754516
24 12 -833.7409096
24.5 12 -845.6427225
25 12 -838.623726
25.5 12 -836.7926352
26 12 -838.3185257
26.5 12 -841.6754516
27 12 -827.6373475
27.5 12 -844.7272326
28 12 -848.3893033
28.5 12 -845.3375777
29 12 -844.7272326
29.5 12 -842.590997
30 12 -855.1032105
30.5 12 -855.1032105
31 12 -847.7789581
31.5 12 -852.3566297
32 12 -844.7272326
32.5 12 -850.5255389
33 12 -861.8170622
33.5 12 -839.8444162
34 12 -857.5445909
34.5 12 -851.7462846
35 12 -856.0187004
35.5 12 -856.0187004
36 12 -850.8307392
36.5 12 -860.9015167
37 12 -862.1222625
37.5 12 -851.4410843
38 12 -855.1032105
38.5 12 -854.7980102
39 12 -854.4928654
39.5 12 -845.6427225
40 12 -865.7843331
40 13 -872.4982403
39.5 13 -855.4083553
39 13 -857.8497912
38.5 13 -852.9669748
38 13 -863.3429527
37.5 13 -869.141259
37 13 -868.8361142
36.5 13 -863.3429527
36 13 -861.5118618
35.5 13 -854.4928654
35 13 -859.9860268
34.5 13 -858.154936
34 13 -861.8170622
33.5 13 -851.4410843
33 13 -859.6808265
32.5 13 -859.0704814
32 13 -843.8116872
31.5 13 -864.5636429
31 13 -858.4601363
30.5 13 -845.9479228
30 13 -850.5255389
29.5 13 -846.8634682
29 13 -841.6754516
28.5 13 -846.8634682
28 13 -852.3566297
27.5 13 -850.2203941
27 13 -842.8961418
26.5 13 -839.2340711
26 13 -838.623726
25.5 13 -842.590997
25 13 -827.9425479
24.5 13 -845.3375777
24 13 -839.5392159
23.5 13 -836.1822901
23 13 -841.9806519
22.5 13 -835.571945
22 13 -842.590997
21.5 13 -842.8961418
21 13 -843.8116872
20.5 13 -841.6754516
20 13 -845.3375777
19.5 13 -838.3185257
19 13 -840.7599061
18.5 13 -848.0841585
18 13 -841.3703068
17.5 13 -839.2340711
17 13 -850.2203941
16.5 13 -843.2013421
16 13 -852.6617745
15.5 13 -841.9806519
15 13 -852.6617745
14.5 13 -843.2013421
14 13 -845.0323774
13.5 13 -845.6427225
13 13 -851.7462846
12.5 13 -850.2203941
12 13 -851.4410843
11.5 13 -848.9997039
11 13 -857.5445909
10.5 13 -852.0514294
10 13 -853.2721196
9.5 13 -858.4601363
9 13 -859.3756817
8.5 13 -853.2721196
8 13 -860.5963719
7.5 13 -851.135884
7 13 -852.9669748
6.5 13 -859.9860268
6 13 -855.7135556
5.5 13 -859.6808265
5 13 -864.5636429
4.5 13 -853.8824647
4 13 -861.5118618
3.5 13 -864.5636429
3 13 -863.0377524
2.5 13 -864.8688432
2 13 -871.5826949
1.5 13 -859.6808265
1 13 -862.4274073
0.5 13 -864.5636429
0 13 -863.9532978
0 14 -879.5172368
0.5 14 -858.7652811
1 14 -862.1222625
1.5 14 -866.0895334
2 14 -863.3429527
2.5 14 -867.6154239
3 14 -871.2774946
3.5 14 -864.5636429
4 14 -864.2584426
4.5 14 -862.7326076
5 14 -862.1222625
5.5 14 -870.9723498
6 14 -861.8170622
6.5 14 -865.173988
7 14 -863.6480975
7.5 14 -861.5118618
8 14 -861.8170622
8.5 14 -857.8497912
9 14 -845.3375777
9.5 14 -856.9342458
10 14 -861.5118618
10.5 14 -854.4928654
11 14 -865.173988
11.5 14 -854.187665
12 14 -857.2394461
12.5 14 -854.4928654
13 14 -849.610049
13.5 14 -855.4083553
14 14 -848.6945036
14.5 14 -851.135884
15 14 -847.7789581
15.5 14 -847.168613
16 14 -848.9997039
16.5 14 -848.6945036
17 14 -844.1168875
17.5 14 -851.4410843
18 14 -842.590997
18.5 14 -844.1168875
19 14 -838.623726
19.5 14 -841.6754516
20 14 -841.3703068
20.5 14 -838.0133254
21 14 -838.0133254
21.5 14 -842.8961418
22 14 -834.0460544
22.5 14 -838.3185257
23 14 -832.5201639
23.5 14 -841.9806519
24 14 -835.2667447
24.5 14 -838.3185257
25 14 -831.9098188
25.5 14 -838.3185257
26 14 -842.2857967
26.5 14 -840.7599061
27 14 -841.9806519
27.5 14 -837.0978355
28 14 -838.0133254
28.5 14 -848.9997039
29 14 -838.9288708
29.5 14 -845.6427225
30 14 -838.623726
30.5 14 -852.0514294
31 14 -846.5582679
31.5 14 -847.4738133
32 14 -852.9669748
32.5 14 -849.9151938
33 14 -838.623726
33.5 14 -855.4083553
34 14 -853.5773199
34.5 14 -857.8497912
35 14 -851.135884
35.5 14 -850.5255389
36 14 -862.4274073
36.5 14 -851.4410843
37 14 -861.5118618
37.5 14 -856.629101
38 14 -855.1032105
38.5 14 -861.8170622
39 14 -870.9723498
39.5 14 -848.3893033
40 14 -853.5773199
40 15 -869.4464593
39.5 15 -865.173988
39 15 -856.3239007
38.5 15 -859.0704814
38 15 -862.4274073
37.5 15 -866.0895334
37 15 -861.2067171
36.5 15 -858.154936
36 15 -860.9015167
35.5 15 -851.135884
35 15 -857.2394461
34.5 15 -863.6480975
34 15 -852.6617745
33.5 15 -851.7462846
33 15 -855.4083553
32.5 15 -856.9342458
32 15 -841.6754516
31.5 15 -843.2013421
31 15 -847.168613
30.5 15 -852.6617745
30 15 -846.8634682
29.5 15 -838.9288708
29 15 -851.135884
28.5 15 -843.8116872
28 15 -837.4029803
27.5 15 -833.4357093
27 15 -837.7081806
26.5 15 -834.9615999
26 15 -845.9479228
25.5 15 -838.3185257
25 15 -838.0133254
24.5 15 -828.552893
24 15 -832.8253642
23.5 15 -832.8253642
23 15 -825.5011674
22.5 15 -835.8771453
22 15 -834.9615999
21.5 15 -831.9098188
21 15 -837.0978355
20.5 15 -841.6754516
20 15 -838.3185257
19.5 15 -841.3703068
19 15 -837.0978355
18.5 15 -836.4874904
18 15 -838.9288708
17.5 15 -844.1168875
17 15 -841.3703068
16.5 15 -847.168613
16 15 -847.7789581
15.5 15 -838.623726
15 15 -837.4029803
14.5 15 -848.6945036
14 15 -843.5065424
13.5 15 -831.9098188
13 15 -854.187665
12.5 15 -853.8824647
12 15 -852.0514294
11.5 15 -852.0514294
11 15 -848.6945036
10.5 15 -851.4410843
10 15 -856.0187004
9.5 15 -852.9669748
9 15 -852.3566297
8.5 15 -852.9669748
8 15 -853.2721196
7.5 15 -856.3239007
7 15 -863.6480975
6.5 15 -859.0704814
6 15 -860.2911716
5.5 15 -854.7980102
5 15 -862.7326076
4.5 15 -856.0187004
4 15 -869.141259
3.5 15 -862.4274073
3 15 -858.154936
2.5 15 -863.9532978
2 15 -863.6480975
1.5 15 -862.1222625
1 15 -863.9532978
0.5 15 -863.3429527
0 15 -863.3429527
0 16 -878.2965466
0.5 16 -867.0050233
1 16 -857.8497912
1.5 16 -859.0704814
2 16 -864.2584426
2.5 16 -862.1222625
3 16 -871.5826949
3.5 16 -868.5309139
4 16 -860.2911716
4.5 16 -863.9532978
5 16 -861.2067171
5.5 16 -856.0187004
6 16 -866.0895334
6.5 16 -857.8497912
7 16 -860.9015167
7.5 16 -860.9015167
8 16 -861.5118618
8.5 16 -866.6998785
9 16 -848.9997039
9.5 16 -846.8634682
10 16 -856.9342458
10.5 16 -853.5773199
11 16 -852.3566297
11.5 16 -864.8688432
12 16 -845.0323774
12.5 16 -850.8307392
13 16 -854.7980102
13.5 16 -844.1168875
14 16 -838.9288708
14.5 16 -847.168613
15 16 -835.571945
15.5 16 -837.4029803
16 16 -838.3185257
16.5 16 -836.4874904
17 16 -837.7081806
17.5 16 -838.623726
18 16 -837.4029803
18.5 16 -834.3512548
19 16 -835.8771453
19.5 16 -831.2994737
20 16 -831.604674
20.5 16 -829.7735832
21 16 -829.4684384
21.5 16 -830.0787835
22 16 -832.8253642
22.5 16 -832.8253642
23 16 -834.9615999
23.5 16 -828.8580933
24 16 -832.8253642
24.5 16 -833.1305645
25 16 -832.8253642
25.5 16 -831.604674
26 16 -825.1959671
26.5 16 -832.5201639
27 16 -830.6891286
27.5 16 -834.3512548
28 16 -837.4029803
28.5 16 -831.604674
29 16 -835.2667447
29.5 16 -838.0133254
30 16 -834.9615999
30.5 16 -825.1959671
31 16 -841.9806519
31.5 16 -835.571945
32 16 -839.8444162
32.5 16 -838.3185257
33 16 -842.2857967
33.5 16 -830.6891286
34 16 -842.2857967
34.5 16 -841.6754516
35 16 -852.9669748
35.5 16 -850.8307392
36 16 -843.2013421
36.5 16 -855.7135556
37 16 -851.4410843
37.5 16 -856.9342458
38 16 -856.9342458
38.5 16 -849.610049
39 16 -848.3893033
39.5 16 -861.8170622
40 16 -850.2203941
40 17 -871.8878397
39.5 17 -852.3566297
39 17 -859.6808265
38.5 17 -858.4601363
38 17 -852.0514294
37.5 17 -865.7843331
37 17 -848.9997039
36.5 17 -853.2721196
36 17 -848.0841585
35.5 17 -857.5445909
35 17 -856.629101
34.5 17 -846.8634682
34 17 -856.629101
33.5 17 -851.7462846
33 17 -844.4220323
32.5 17 -845.6427225
32 17 -857.8497912
31.5 17 -846.2531231
31 17 -844.4220323
30.5 17 -841.9806519
30 17 -843.8116872
29.5 17 -839.8444162
29 17 -835.8771453
28.5 17 -838.0133254
28 17 -838.0133254
27.5 17 -842.590997
27 17 -829.4684384
26.5 17 -828.2477482
26 17 -825.8063122
25.5 17 -832.8253642
25 17 -830.9943289
24.5 17 -834.3512548
24 17 -816.9561694
23.5 17 -824.8907668
23 17 -832.5201639
22.5 17 -824.2804217
22 17 -832.8253642
21.5 17 -830.3839838
21 17 -841.9806519
20.5 17 -835.2667447
20 17 -828.2477482
19.5 17 -836.4874904
19 17 -836.4874904
18.5 17 -834.6563996
18 17 -846.5582679
17.5 17 -836.7926352
17 17 -835.8771453
16.5 17 -831.604674
16 17 -845.6427225
15.5 17 -839.8444162
15 17 -841.0651064
14.5 17 -837.4029803
14 17 -842.2857967
13.5 17 -843.8116872
13 17 -850.8307392
12.5 17 -845.9479228
12 17 -847.168613
11.5 17 -848.3893033
11 17 -843.2013421
10.5 17 -845.0323774
10 17 -843.5065424
9.5 17 -850.5255389
9 17 -855.7135556
8.5 17 -837.4029803
8 17 -860.5963719
7.5 17 -852.9669748
7 17 -846.5582679
6.5 17 -858.154936
6 17 -851.4410843
5.5 17 -859.6808265
5 17 -854.4928654
4.5 17 -856.9342458
4 17 -855.7135556
3.5 17 -853.8824647
3 17 -860.9015167
2.5 17 -860.2911716
2 17 -866.6998785
1.5 17 -857.2394461
1 17 -863.0377524
0.5 17 -860.9015167
0 17 -868.8361142
0 18 -881.9586728
0.5 18 -861.8170622
1 18 -863.3429527
1.5 18 -867.3102236
2 18 -865.4791883
2.5 18 -865.173988
3 18 -870.6671495
3.5 18 -877.0758564
4 18 -861.8170622
4.5 18 -867.9205687
5 18 -867.3102236
5.5 18 -857.5445909
6 18 -864.8688432
6.5 18 -867.9205687
7 18 -862.7326076
7.5 18 -854.4928654
8 18 -865.173988
8.5 18 -858.7652811
9 18 -846.8634682
9.5 18 -861.2067171
10 18 -859.0704814
10.5 18 -852.0514294
11 18 -855.1032105
11.5 18 -859.0704814
12 18 -852.6617745
12.5 18 -845.0323774
13 18 -848.3893033
13.5 18 -849.3048487
14 18 -851.135884
14.5 18 -851.4410843
15 18 -838.623726
15.5 18 -847.168613
16 18 -841.3703068
16.5 18 -841.3703068
17 18 -847.168613
17.5 18 -829.1632381
18 18 -834.6563996
18.5 18 -834.6563996
19 18 -834.3512548
19.5 18 -834.3512548
20 18 -837.0978355
20.5 18 -829.4684384
21 18 -829.4684384
21.5 18 -828.2477482
22 18 -829.1632381
22.5 18 -829.1632381
23 18 -840.7599061
23.5 18 -834.6563996
24 18 -828.552893
24.5 18 -829.7735832
25 18 -831.9098188
25.5 18 -834.0460544
26 18 -826.4166573
26.5 18 -835.8771453
27 18 -832.5201639
27.5 18 -833.4357093
28 18 -827.6373475
28.5 18 -832.2150191
29 18 -837.0978355
29.5 18 -847.7789581
30 18 -834.9615999
30.5 18 -830.3839838
31 18 -840.7599061
31.5 18 -839.5392159
32 18 -837.4029803
32.5 18 -842.2857967
33 18 -845.0323774
33.5 18 -846.8634682
34 18 -847.168613
34.5 18 -847.168613
35 18 -850.2203941
35.5 18 -843.5065424
36 18 -848.0841585
36.5 18 -851.7462846
37 18 -842.8961418
37.5 18 -855.4083553
38 18 -860.9015167
38.5 18 -852.3566297
39 18 -851.135884
39.5 18 -867.3102236
40 18 -854.7980102
40 19 -873.4137302
39.5 19 -854.4928654
39 19 -866.6998785
38.5 19 -859.3756817
38 19 -854.4928654
37.5 19 -867.3102236
37 19 -855.1032105
36.5 19 -850.5255389
36 19 -853.8824647
35.5 19 -855.1032105
35 19 -857.2394461
34.5 19 -849.3048487
34 19 -856.0187004
33.5 19 -853.2721196
33 19 -845.6427225
32.5 19 -843.5065424
32 19 -845.6427225
31.5 19 -849.610049
31 19 -838.9288708
30.5 19 -851.135884
30 19 -827.9425479
29.5 19 -841.0651064
29 19 -836.7926352
28.5 19 -839.2340711
28 19 -832.5201639
27.5 19 -831.2994737
27 19 -834.3512548
26.5 19 -836.1822901
26 19 -831.9098188
25.5 19 -830.0787835
25 19 -823.9752769
24.5 19 -835.571945
24 19 -825.8063122
23.5 19 -825.8063122
23 19 -833.4357093
22.5 19 -828.2477482
22 19 -830.9943289
21.5 19 -833.1305645
21 19 -838.0133254
20.5 19 -827.9425479
20 19 -832.5201639
19.5 19 -829.7735832
19 19 -838.623726
18.5 19 -832.5201639
18 19 -841.0651064
17.5 19 -831.2994737
17 19 -840.4547613
16.5 19 -841.6754516
16 19 -836.4874904
15.5 19 -845.0323774
15 19 -842.590997
14.5 19 -845.3375777
14 19 -836.7926352
13.5 19 -839.5392159
13 19 -839.5392159
12.5 19 -846.2531231
12 19 -845.3375777
11.5 19 -845.3375777
11 19 -852.0514294
10.5 19 -846.5582679
10 19 -852.0514294
9.5 19 -853.2721196
9 19 -859.0704814
8.5 19 -850.8307392
8 19 -856.3239007
7.5 19 -850.2203941
7 19 -855.7135556
6.5 19 -857.5445909
6 19 -854.7980102
5.5 19 -862.1222625
5 19 -857.5445909
4.5 19 -859.6808265
4 19 -852.6617745
3.5 19 -855.1032105
3 19 -853.2721196
2.5 19 -855.7135556
2 19 -858.7652811
1.5 19 -862.1222625
1 19 -862.4274073
0.5 19 -865.7843331
0 19 -870.3620047
0 20 -882.2638176
0.5 20 -873.7189305
1 20 -867.3102236
1.5 20 -863.3429527
2 20 -870.6671495
2.5 20 -859.3756817
3 20 -874.3292756
3.5 20 -876.160311
4 20 -865.4791883
4.5 20 -865.173988
5 20 -869.7516596
5.5 20 -862.4274073
6 20 -865.4791883
6.5 20 -856.9342458
7 20 -867.6154239
7.5 20 -861.2067171
8 20 -858.4601363
8.5 20 -866.3946782
9 20 -870.3620047
9.5 20 -851.135884
10 20 -855.4083553
10.5 20 -856.629101
11 20 -851.135884
11.5 20 -855.4083553
12 20 -854.7980102
12.5 20 -849.3048487
13 20 -852.9669748
13.5 20 -842.590997
14 20 -850.5255389
14.5 20 -840.4547613
15 20 -842.590997
15.5 20 -841.0651064
16 20 -845.9479228
16.5 20 -841.3703068
17 20 -841.3703068
17.5 20 -834.9615999
18 20 -830.6891286
18.5 20 -837.7081806
19 20 -843.5065424
19.5 20 -830.3839838
20 20 -828.552893
20.5 20 -837.7081806
21 20 -835.8771453
21.5 20 -827.0270024
22 20 -827.6373475
22.5 20 -830.6891286
23 20 -833.7409096
23.5 20 -830.9943289
24 20 -823.9752769
24.5 20 -827.9425479
25 20 -820.0078949
25.5 20 -831.604674
26 20 -831.9098188
26.5 20 -828.8580933
27 20 -830.0787835
27.5 20 -826.4166573
28 20 -815.4302789
28.5 20 -832.2150191
29 20 -834.3512548
29.5 20 -838.3185257
30 20 -840.149561
30.5 20 -837.7081806
31 20 -835.8771453
31.5 20 -837.4029803
32 20 -846.8634682
32.5 20 -844.4220323
33 20 -847.7789581
33.5 20 -840.149561
34 20 -851.7462846
34.5 20 -849.610049
35 20 -847.4738133
35.5 20 -846.2531231
36 20 -853.8824647
36.5 20 -854.4928654
37 20 -843.5065424
37.5 20 -836.7926352
38 20 -851.4410843
38.5 20 -853.8824647
39 20 -852.3566297
39.5 20 -852.3566297
40 20 -856.3239007
40 21 -870.0568044
39.5 21 -858.7652811
39 21 -853.5773199
38.5 21 -860.2911716
38 21 -856.3239007
37.5 21 -862.7326076
37 21 -854.7980102
36.5 21 -848.9997039
36 21 -847.168613
35.5 21 -852.6617745
35 21 -846.8634682
34.5 21 -854.187665
34 21 -852.9669748
33.5 21 -849.9151938
33 21 -849.9151938
32.5 21 -847.7789581
32 21 -843.2013421
31.5 21 -831.9098188
31 21 -836.1822901
30.5 21 -845.3375777
30 21 -836.7926352
29.5 21 -832.2150191
29 21 -839.5392159
28.5 21 -840.149561
28 21 -830.6891286
27.5 21 -830.3839838
27 21 -829.1632381
26.5 21 -828.552893
26 21 -828.8580933
25.5 21 -835.8771453
25 21 -837.4029803
24.5 21 -833.4357093
24 21 -823.3649318
23.5 21 -835.571945
23 21 -829.4684384
22.5 21 -829.7735832
22 21 -833.1305645
21.5 21 -833.4357093
21 21 -832.5201639
20.5 21 -824.2804217
20 21 -825.5011674
19.5 21 -830.6891286
19 21 -818.7872047
18.5 21 -830.0787835
18 21 -836.7926352
17.5 21 -834.9615999
17 21 -831.2994737
16.5 21 -837.0978355
16 21 -833.7409096
15.5 21 -838.3185257
15 21 -840.149561
14.5 21 -845.9479228
14 21 -845.0323774
13.5 21 -836.4874904
13 21 -838.623726
12.5 21 -847.4738133
12 21 -843.8116872
11.5 21 -846.5582679
11 21 -849.3048487
10.5 21 -849.610049
10 21 -845.6427225
9.5 21 -860.9015167
9 21 -850.5255389
8.5 21 -853.5773199
8 21 -850.2203941
7.5 21 -850.5255389
7 21 -856.3239007
6.5 21 -856.3239007
6 21 -846.2531231
5.5 21 -862.4274073
5 21 -857.2394461
4.5 21 -855.7135556
4 21 -862.7326076
3.5 21 -856.3239007
3 21 -866.3946782
2.5 21 -860.2911716
2 21 -859.3756817
1.5 21 -868.5309139
1 21 -864.2584426
0.5 21 -857.8497912
0 21 -869.4464593
0 22 -882.2638176
0.5 22 -864.5636429
1 22 -871.2774946
1.5 22 -863.6480975
2 22 -859.9860268
2.5 22 -863.6480975
3 22 -872.4982403
3.5 22 -877.0758564
4 22 -874.9396208
4.5 22 -859.6808265
5 22 -863.0377524
5.5 22 -864.8688432
6 22 -866.3946782
6.5 22 -865.173988
7 22 -867.0050233
7.5 22 -859.6808265
8 22 -865.4791883
8.5 22 -853.2721196
9 22 -845.9479228
9.5 22 -857.8497912
10 22 -864.8688432
10.5 22 -852.9669748
11 22 -858.4601363
11.5 22 -856.629101
12 22 -855.7135556
12.5 22 -847.168613
13 22 -856.629101
13.5 22 -852.3566297
14 22 -850.8307392
14.5 22 -834.3512548
15 22 -842.590997
15.5 22 -840.7599061
16 22 -842.590997
16.5 22 -838.623726
17 22 -834.9615999
17.5 22 -836.1822901
18 22 -838.3185257
18.5 22 -833.7409096
19 22 -830.6891286
19.5 22 -833.7409096
20 22 -835.571945
20.5 22 -826.1115125
21 22 -830.0787835
21.5 22 -829.7735832
22 22 -829.7735832
22.5 22 -827.9425479
23 22 -830.0787835
23.5 22 -834.0460544
24 22 -833.7409096
24.5 22 -828.8580933
25 22 -835.571945
25.5 22 -831.2994737
26 22 -830.0787835
26.5 22 -834.9615999
27 22 -833.1305645
27.5 22 -838.3185257
28 22 -836.4874904
28.5 22 -833.1305645
29 22 -841.6754516
29.5 22 -838.0133254
30 22 -836.4874904
30.5 22 -842.2857967
31 22 -841.3703068
31.5 22 -843.2013421
32 22 -844.1168875
32.5 22 -841.3703068
33 22 -838.623726
33.5 22 -847.168613
34 22 -845.3375777
34.5 22 -846.8634682
35 22 -850.8307392
35.5 22 -849.9151938
36 22 -838.623726
36.5 22 -853.5773199
37 22 -849.9151938
37.5 22 -850.5255389
38 22 -855.1032105
38.5 22 -859.6808265
39 22 -859.6808265
39.5 22 -848.0841585
40 22 -855.7135556
40 23 -873.4137302
39.5 23 -857.5445909
39 23 -855.4083553
38.5 23 -856.629101
38 23 -856.9342458
37.5 23 -861.8170622
37 23 -856.3239007
36.5 23 -857.8497912
36 23 -857.5445909
35.5 23 -851.7462846
35 23 -857.2394461
34.5 23 -850.8307392
34 23 -851.7462846
33.5 23 -847.168613
33 23 -851.7462846
32.5 23 -850.2203941
32 23 -850.8307392
31.5 23 -832.8253642
31 23 -843.2013421
30.5 23 -839.5392159
30 23 -842.8961418
29.5 23 -836.7926352
29 23 -834.9615999
28.5 23 -840.4547613
28 23 -840.7599061
27.5 23 -835.8771453
27 23 -834.0460544
26.5 23 -831.604674
26 23 -834.0460544
25.5 23 -830.0787835
25 23 -833.7409096
24.5 23 -826.7218576
24 23 -839.2340711
23.5 23 -827.6373475
23 23 -834.0460544
22.5 23 -831.2994737
22 23 -835.8771453
21.5 23 -833.4357093
21 23 -831.2994737
20.5 23 -837.0978355
20 23 -837.0978355
19.5 23 -838.9288708
19 23 -842.590997
18.5 23 -841.9806519
18 23 -835.571945
17.5 23 -837.4029803
17 23 -842.8961418
16.5 23 -836.1822901
16 23 -842.590997
15.5 23 -843.8116872
15 23 -843.8116872
14.5 23 -847.4738133
14 23 -846.5582679
13.5 23 -853.2721196
13 23 -846.2531231
12.5 23 -841.0651064
12 23 -852.3566297
11.5 23 -854.4928654
11 23 -848.9997039
10.5 23 -854.187665
10 23 -856.3239007
9.5 23 -852.9669748
9 23 -854.7980102
8.5 23 -855.1032105
8 23 -855.7135556
7.5 23 -859.3756817
7 23 -860.9015167
6.5 23 -855.4083553
6 23 -846.8634682
5.5 23 -853.2721196
5 23 -863.3429527
4.5 23 -854.4928654
4 23 -858.154936
3.5 23 -863.6480975
3 23 -851.4410843
2.5 23 -867.9205687
2 23 -868.2257691
1.5 23 -862.4274073
1 23 -867.9205687
0.5 23 -860.9015167
0 23 -867.0050233
0 24 -881.3483277
0.5 24 -871.8878397
1 24 -869.4464593
1.5 24 -869.7516596
2 24 -861.5118618
2.5 24 -864.8688432
3 24 -870.3620047
3.5 24 -877.6862015
4 24 -867.6154239
4.5 24 -871.8878397
5 24 -867.0050233
5.5 24 -860.2911716
6 24 -867.9205687
6.5 24 -868.5309139
7 24 -869.4464593
7.5 24 -860.5963719
8 24 -870.0568044
8.5 24 -864.5636429
9 24 -850.5255389
9.5 24 -856.629101
10 24 -856.9342458
10.5 24 -856.0187004
11 24 -862.7326076
11.5 24 -859.9860268
12 24 -859.9860268
12.5 24 -850.5255389
13 24 -859.3756817
13.5 24 -859.6808265
14 24 -853.5773199
14.5 24 -854.7980102
15 24 -845.0323774
15.5 24 -853.8824647
16 24 -847.7789581
16.5 24 -842.2857967
17 24 -842.8961418
17.5 24 -845.3375777
18 24 -837.0978355
18.5 24 -842.590997
19 24 -843.8116872
19.5 24 -841.0651064
20 24 -838.623726
20.5 24 -841.3703068
21 24 -831.9098188
21.5 24 -835.2667447
22 24 -845.6427225
22.5 24 -834.3512548
23 24 -836.4874904
23.5 24 -830.0787835
24 24 -835.8771453
24.5 24 -828.2477482
25 24 -834.0460544
25.5 24 -836.4874904
26 24 -833.7409096
26.5 24 -836.7926352
27 24 -832.8253642
27.5 24 -839.2340711
28 24 -838.3185257
28.5 24 -835.571945
29 24 -844.1168875
29.5 24 -839.8444162
30 24 -837.7081806
30.5 24 -833.1305645
31 24 -842.2857967
31.5 24 -846.8634682
32 24 -845.0323774
32.5 24 -842.590997
33 24 -839.8444162
33.5 24 -850.8307392
34 24 -850.8307392
34.5 24 -850.5255389
35 24 -853.2721196
35.5 24 -853.5773199
36 24 -852.0514294
36.5 24 -847.4738133
37 24 -859.0704814
37.5 24 -851.135884
38 24 -840.149561
38.5 24 -856.629101
39 24 -857.5445909
39.5 24 -856.629101
40 24 -853.5773199
40 25 -876.160311
39.5 25 -855.4083553
39 25 -858.154936
38.5 25 -858.7652811
38 25 -862.4274073
37.5 25 -857.5445909
37 25 -847.4738133
36.5 25 -855.4083553
36 25 -851.7462846
35.5 25 -860.2911716
35 25 -853.2721196
34.5 25 -848.3893033
34 25 -858.7652811
33.5 25 -853.2721196
33 25 -850.8307392
32.5 25 -844.4220323
32 25 -853.5773199
31.5 25 -860.9015167
31 25 -846.5582679
30.5 25 -842.590997
30 25 -848.3893033
29.5 25 -844.4220323
29 25 -840.149561
28.5 25 -846.2531231
28 25 -835.2667447
27.5 25 -838.3185257
27 25 -836.1822901
26.5 25 -840.4547613
26 25 -834.6563996
25.5 25 -834.0460544
25 25 -830.9943289
24.5 25 -836.1822901
24 25 -840.4547613
23.5 25 -839.8444162
23 25 -834.0460544
22.5 25 -838.0133254
22 25 -834.9615999
21.5 25 -838.9288708
21 25 -835.8771453
20.5 25 -837.7081806
20 25 -841.0651064
19.5 25 -840.7599061
19 25 -841.6754516
18.5 25 -839.2340711
18 25 -843.8116872
17.5 25 -830.9943289
17 25 -846.2531231
16.5 25 -847.4738133
16 25 -842.2857967
15.5 25 -842.590997
15 25 -847.7789581
14.5 25 -851.135884
14 25 -845.0323774
13.5 25 -846.2531231
13 25 -845.3375777
12.5 25 -846.2531231
12 25 -847.7789581
11.5 25 -835.571945
11 25 -853.5773199
10.5 25 -847.7789581
10 25 -851.135884
9.5 25 -857.2394461
9 25 -852.0514294
8.5 25 -858.4601363
8 25 -845.3375777
7.5 25 -856.3239007
7 25 -855.1032105
6.5 25 -860.2911716
6 25 -857.2394461
5.5 25 -861.8170622
5 25 -866.3946782
4.5 25 -863.3429527
4 25 -859.9860268
3.5 25 -857.5445909
3 25 -870.0568044
2.5 25 -857.5445909
2 25 -860.9015167
1.5 25 -870.6671495
1 25 -867.9205687
0.5 25 -862.4274073
0 25 -876.160311
0 26 -877.9914018
0.5 26 -876.160311
1 26 -869.4464593
1.5 26 -871.8878397
2 26 -877.3810012
2.5 26 -871.8878397
3 26 -881.6534725
3.5 26 -874.9396208
4 26 -868.2257691
4.5 26 -865.173988
5 26 -874.9396208
5.5 26 -870.0568044
6 26 -872.19304
6.5 26 -867.9205687
7 26 -872.4982403
7.5 26 -864.5636429
8 26 -872.4982403
8.5 26 -875.2448211
9 26 -852.9669748
9.5 26 -851.7462846
10 26 -866.3946782
10.5 26 -857.5445909
11 26 -867.6154239
11.5 26 -863.0377524
12 26 -865.4791883
12.5 26 -852.9669748
13 26 -860.9015167
13.5 26 -858.4601363
14 26 -858.154936
14.5 26 -857.5445909
15 26 -848.3893033
15.5 26 -861.5118618
16 26 -848.6945036
16.5 26 -849.9151938
17 26 -843.5065424
17.5 26 -852.0514294
18 26 -847.168613
18.5 26 -830.6891286
19 26 -845.3375777
19.5 26 -840.149561
20 26 -840.149561
20.5 26 -841.9806519
21 26 -838.3185257
21.5 26 -846.2531231
22 26 -849.3048487
22.5 26 -838.9288708
23 26 -842.2857967
23.5 26 -840.7599061
24 26 -842.2857967
24.5 26 -835.8771453
25 26 -830.6891286
25.5 26 -847.7789581
26 26 -841.0651064
26.5 26 -831.9098188
27 26 -842.8961418
27.5 26 -842.590997
28 26 -843.5065424
28.5 26 -846.8634682
29 26 -842.2857967
29.5 26 -845.3375777
30 26 -840.4547613
30.5 26 -842.8961418
31 26 -855.4083553
31.5 26 -845.3375777
32 26 -845.0323774
32.5 26 -846.2531231
33 26 -849.3048487
33.5 26 -852.9669748
34 26 -858.4601363
34.5 26 -857.8497912
35 26 -857.2394461
35.5 26 -860.2911716
36 26 -852.0514294
36.5 26 -851.4410843
37 26 -867.9205687
37.5 26 -847.7789581
38 26 -858.154936
38.5 26 -856.629101
39 26 -858.7652811
39.5 26 -859.3756817
40 26 -862.7326076
40 27 -877.3810012
39.5 27 -867.9205687
39 27 -862.4274073
38.5 27 -865.173988
38 27 -857.8497912
37.5 27 -865.173988
37 27 -857.2394461
36.5 27 -856.3239007
36 27 -859.6808265
35.5 27 -859.3756817
35 27 -862.7326076
34.5 27 -861.5118618
34 27 -856.0187004
33.5 27 -852.6617745
33 27 -856.0187004
32.5 27 -861.5118618
32 27 -859.9860268
31.5 27 -855.4083553
31 27 -844.1168875
30.5 27 -846.5582679
30 27 -850.8307392
29.5 27 -847.168613
29 27 -850.8307392
28.5 27 -841.9806519
28 27 -848.6945036
27.5 27 -840.149561
27 27 -848.3893033
26.5 27 -850.2203941
26 27 -847.7789581
25.5 27 -842.590997
25 27 -849.3048487
24.5 27 -829.1632381
24 27 -843.8116872
23.5 27 -842.8961418
23 27 -844.4220323
22.5 27 -840.4547613
22 27 -849.3048487
21.5 27 -830.6891286
21 27 -847.4738133
20.5 27 -848.3893033
20 27 -843.2013421
19.5 27 -848.3893033
19 27 -842.2857967
18.5 27 -845.6427225
18 27 -848.9997039
17.5 27 -854.4928654
17 27 -849.9151938
16.5 27 -846.2531231
16 27 -851.7462846
15.5 27 -850.8307392
15 27 -858.7652811
14.5 27 -848.0841585
14 27 -855.1032105
13.5 27 -851.4410843
13 27 -856.629101
12.5 27 -857.8497912
12 27 -851.4410843
11.5 27 -860.9015167
11 27 -857.5445909
10.5 27 -860.2911716
10 27 -862.7326076
9.5 27 -859.9860268
9 27 -863.0377524
8.5 27 -858.4601363
8 27 -863.9532978
7.5 27 -867.0050233
7 27 -869.141259
6.5 27 -864.8688432
6 27 -869.4464593
5.5 27 -873.1085854
5 27 -874.3292756
4.5 27 -863.9532978
4 27 -861.8170622
3.5 27 -867.0050233
3 27 -867.6154239
2.5 27 -874.9396208
2 27 -871.2774946
1.5 27 -864.8688432
1 27 -871.2774946
0.5 27 -866.6998785
0 27 -874.6344204
0 28 -885.3155986
0.5 28 -874.9396208
1 28 -872.19304
1.5 28 -868.8361142
2 28 -872.4982403
2.5 28 -869.4464593
3 28 -877.9914018
3.5 28 -874.6344204
4 28 -874.0240753
4.5 28 -873.1085854
5 28 -873.1085854
5.5 28 -866.6998785
6 28 -868.5309139
6.5 28 -873.4137302
7 28 -867.9205687
7.5 28 -864.5636429
8 28 -870.3620047
8.5 28 -876.160311
9 28 -873.1085854
9.5 28 -866.6998785
10 28 -868.5309139
10.5 28 -866.0895334
11 28 -871.2774946
11.5 28 -865.173988
12 28 -863.3429527
12.5 28 -865.4791883
13 28 -853.8824647
13.5 28 -859.3756817
14 28 -865.4791883
14.5 28 -862.4274073
15 28 -856.3239007
15.5 28 -861.5118618
16 28 -855.1032105
16.5 28 -858.7652811
17 28 -848.3893033
17.5 28 -841.6754516
18 28 -852.9669748
18.5 28 -855.1032105
19 28 -851.4410843
19.5 28 -854.4928654
20 28 -838.0133254
20.5 28 -851.7462846
21 28 -852.3566297
21.5 28 -849.3048487
22 28 -849.9151938
22.5 28 -848.6945036
23 28 -845.6427225
23.5 28 -846.8634682
24 28 -846.5582679
24.5 28 -841.6754516
25 28 -843.8116872
25.5 28 -848.9997039
26 28 -848.9997039
26.5 28 -845.0323774
27 28 -850.5255389
27.5 28 -848.6945036
28 28 -845.3375777
28.5 28 -843.2013421
29 28 -853.8824647
29.5 28 -860.9015167
30 28 -852.3566297
30.5 28 -847.168613
31 28 -854.187665
31.5 28 -848.9997039
32 28 -853.5773199
32.5 28 -859.6808265
33 28 -853.5773199
33.5 28 -853.2721196
34 28 -856.0187004
34.5 28 -859.3756817
35 28 -856.3239007
35.5 28 -871.2774946
36 28 -860.9015167
36.5 28 -859.9860268
37 28 -857.5445909
37.5 28 -861.2067171
38 28 -862.1222625
38.5 28 -857.5445909
39 28 -849.3048487
39.5 28 -870.3620047
40 28 -857.2394461
40 29 -881.9586728
39.5 29 -866.3946782
39 29 -869.7516596
38.5 29 -862.7326076
38 29 -870.0568044
37.5 29 -859.3756817
37 29 -863.9532978
36.5 29 -865.7843331
36 29 -856.9342458
35.5 29 -864.8688432
35 29 -861.8170622
34.5 29 -859.0704814
34 29 -860.9015167
33.5 29 -862.7326076
33 29 -852.6617745
32.5 29 -863.9532978
32 29 -856.9342458
31.5 29 -855.7135556
31 29 -854.187665
30.5 29 -856.3239007
30 29 -849.3048487
29.5 29 -850.8307392
29 29 -857.2394461
28.5 29 -842.8961418
28 29 -844.7272326
27.5 29 -843.5065424
27 29 -845.0323774
26.5 29 -847.7789581
26 29 -844.4220323
25.5 29 -852.6617745
25 29 -857.2394461
24.5 29 -852.9669748
24 29 -854.187665
23.5 29 -855.4083553
23 29 -852.9669748
22.5 29 -845.6427225
22 29 -850.8307392
21.5 29 -852.9669748
21 29 -851.7462846
20.5 29 -845.0323774
20 29 -845.9479228
19.5 29 -846.8634682
19 29 -860.9015167
18.5 29 -847.7789581
18 29 -856.9342458
17.5 29 -847.168613
17 29 -851.4410843
16.5 29 -856.0187004
16 29 -845.0323774
15.5 29 -854.4928654
15 29 -852.6617745
14.5 29 -855.1032105
14 29 -858.4601363
13.5 29 -858.7652811
13 29 -856.629101
12.5 29 -863.3429527
12 29 -852.3566297
11.5 29 -856.629101
11 29 -863.0377524
10.5 29 -859.6808265
10 29 -863.3429527
9.5 29 -864.2584426
9 29 -866.0895334
8.5 29 -868.8361142
8 29 -865.7843331
7.5 29 -863.6480975
7 29 -863.0377524
6.5 29 -861.2067171
6 29 -874.9396208
5.5 29 -866.6998785
5 29 -864.8688432
4.5 29 -866.3946782
4 29 -873.4137302
3.5 29 -877.3810012
3 29 -870.0568044
2.5 29 -873.7189305
2 29 -874.0240753
1.5 29 -871.2774946
1 29 -871.8878397
0.5 29 -874.3292756
0 29 -874.9396208
0 30 -884.4000532
0.5 30 -881.0431273
1 30 -867.9205687
1.5 30 -880.4327822
2 30 -873.4137302
2.5 30 -878.2965466
3 30 -882.5690179
3.5 30 -873.4137302
4 30 -873.1085854
4.5 30 -870.0568044
5 30 -874.0240753
5.5 30 -875.5499659
6 30 -875.8551662
6.5 30 -872.19304
7 30 -879.5172368
7.5 30 -870.6671495
8 30 -877.0758564
8.5 30 -877.6862015
9 30 -882.2638176
9.5 30 -871.8878397
10 30 -871.8878397
10.5 30 -876.7706561
11 30 -869.141259
11.5 30 -875.8551662
12 30 -870.3620047
12.5 30 -861.2067171
13 30 -869.141259
13.5 30 -856.3239007
14 30 -871.2774946
14.5 30 -857.5445909
15 30 -865.7843331
15.5 30 -863.0377524
16 30 -854.7980102
16.5 30 -854.4928654
17 30 -851.4410843
17.5 30 -857.2394461
18 30 -853.2721196
18.5 30 -848.3893033
19 30 -856.629101
19.5 30 -850.2203941
20 30 -855.1032105
20.5 30 -859.6808265
21 30 -855.4083553
21.5 30 -848.9997039
22 30 -855.1032105
22.5 30 -849.3048487
23 30 -856.3239007
23.5 30 -848.9997039
24 30 -853.8824647
24.5 30 -854.187665
25 30 -854.7980102
25.5 30 -856.0187004
26 30 -854.7980102
26.5 30 -856.629101
27 30 -852.9669748
27.5 30 -858.154936
28 30 -858.4601363
28.5 30 -851.135884
29 30 -864.2584426
29.5 30 -861.8170622
30 30 -859.6808265
30.5 30 -854.7980102
31 30 -862.1222625
31.5 30 -863.3429527
32 30 -857.5445909
32.5 30 -855.4083553
33 30 -860.9015167
33.5 30 -861.2067171
34 30 -867.3102236
34.5 30 -859.6808265
35 30 -867.3102236
35.5 30 -854.187665
36 30 -859.6808265
36.5 30 -858.7652811
37 30 -866.3946782
37.5 30 -861.2067171
38 30 -867.0050233
38.5 30 -872.8033851
39 30 -868.2257691
39.5 30 -865.7843331
40 30 -867.6154239
40 31 -883.179363
39.5 31 -871.5826949
39 31 -867.0050233
38.5 31 -871.5826949
38 31 -863.9532978
37.5 31 -853.8824647
37 31 -870.9723498
36.5 31 -862.7326076
36 31 -867.0050233
35.5 31 -860.9015167
35 31 -871.2774946
34.5 31 -863.0377524
34 31 -867.0050233
33.5 31 -865.173988
33 31 -869.141259
32.5 31 -877.3810012
32 31 -869.7516596
31.5 31 -867.6154239
31 31 -865.4791883
30.5 31 -856.9342458
30 31 -862.4274073
29.5 31 -857.5445909
29 31 -863.6480975
28.5 31 -860.2911716
28 31 -865.173988
27.5 31 -862.1222625
27 31 -862.7326076
26.5 31 -863.0377524
26 31 -852.9669748
25.5 31 -855.1032105
25 31 -856.629101
24.5 31 -857.8497912
24 31 -859.3756817
23.5 31 -853.8824647
23 31 -856.3239007
22.5 31 -861.5118618
22 31 -858.7652811
21.5 31 -852.0514294
21 31 -851.135884
20.5 31 -857.2394461
20 31 -857.2394461
19.5 31 -862.1222625
19 31 -857.8497912
18.5 31 -858.154936
18 31 -851.7462846
17.5 31 -859.9860268
17 31 -862.4274073
16.5 31 -857.2394461
16 31 -863.3429527
15.5 31 -865.7843331
15 31 -865.4791883
14.5 31 -862.1222625
14 31 -866.3946782
13.5 31 -870.3620047
13 31 -870.0568044
12.5 31 -868.5309139
12 31 -867.0050233
11.5 31 -869.7516596
11 31 -867.0050233
10.5 31 -874.9396208
10 31 -882.8742182
9.5 31 -866.3946782
9 31 -866.0895334
8.5 31 -867.3102236
8 31 -874.0240753
7.5 31 -873.7189305
7 31 -862.1222625
6.5 31 -870.3620047
6 31 -874.0240753
5.5 31 -864.2584426
5 31 -874.0240753
4.5 31 -872.8033851
4 31 -878.6017469
3.5 31 -871.2774946
3 31 -875.8551662
2.5 31 -873.4137302
2 31 -871.5826949
1.5 31 -878.2965466
1 31 -876.160311
0.5 31 -871.2774946
0 31 -874.9396208
0 32 -890.198415
0.5 32 -880.7379825
1 32 -881.0431273
1.5 32 -872.19304
2 32 -880.7379825
2.5 32 -877.3810012
3 32 -886.231144
3.5 32 -890.5035598
4 32 -889.5880699
4.5 32 -883.7897081
5 32 -875.8551662
5.5 32 -874.9396208
6 32 -875.8551662
6.5 32 -871.5826949
7 32 -873.4137302
7.5 32 -879.8224371
8 32 -873.4137302
8.5 32 -878.9068917
9 32 -889.8932147
9.5 32 -874.3292756
10 32 -871.8878397
10.5 32 -880.1275819
11 32 -869.4464593
11.5 32 -869.4464593
12 32 -867.9205687
12.5 32 -870.0568044
13 32 -870.6671495
13.5 32 -866.6998785
14 32 -872.8033851
14.5 32 -859.6808265
15 32 -876.160311
15.5 32 -870.6671495
16 32 -877.0758564
16.5 32 -878.2965466
17 32 -869.7516596
17.5 32 -863.9532978
18 32 -867.3102236
18.5 32 -866.6998785
19 32 -868.2257691
19.5 32 -869.4464593
20 32 -865.4791883
20.5 32 -858.154936
21 32 -867.6154239
21.5 32 -863.9532978
22 32 -858.4601363
22.5 32 -865.4791883
23 32 -859.9860268
23.5 32 -861.5118618
24 32 -859.9860268
24.5 32 -862.1222625
25 32 -857.8497912
25.5 32 -847.168613
26 32 -866.6998785
26.5 32 -862.4274073
27 32 -859.6808265
27.5 32 -857.2394461
28 32 -865.7843331
28.5 32 -869.4464593
29 32 -868.5309139
29.5 32 -863.9532978
30 32 -868.8361142
30.5 32 -867.9205687
31 32 -858.154936
31.5 32 -873.7189305
32 32 -868.2257691
32.5 32 -865.4791883
33 32 -868.5309139
33.5 32 -865.173988
34 32 -868.8361142
34.5 32 -864.5636429
35 32 -876.160311
35.5 32 -867.3102236
36 32 -872.19304
36.5 32 -870.6671495
37 32 -869.4464593
37.5 32 -874.9396208
38 32 -877.3810012
38.5 32 -867.3102236
39 32 -875.8551662
39.5 32 -867.3102236
40 32 -869.4464593
40 33 -885.9259437
39.5 33 -871.8878397
39 33 -874.0240753
38.5 33 -871.5826949
38 33 -870.9723498
37.5 33 -877.3810012
37 33 -875.2448211
36.5 33 -878.6017469
36 33 -874.9396208
35.5 33 -872.19304
35 33 -871.8878397
34.5 33 -873.1085854
34 33 -872.19304
33.5 33 -862.7326076
33 33 -867.6154239
32.5 33 -868.5309139
32 33 -874.9396208
31.5 33 -867.9205687
31 33 -876.7706561
30.5 33 -863.6480975
30 33 -875.5499659
29.5 33 -871.2774946
29 33 -863.6480975
28.5 33 -872.4982403
28 33 -868.8361142
27.5 33 -871.8878397
27 33 -868.8361142
26.5 33 -868.8361142
26 33 -868.2257691
25.5 33 -861.5118618
25 33 -868.8361142
24.5 33 -871.2774946
24 33 -863.9532978
23.5 33 -858.154936
23 33 -859.3756817
22.5 33 -870.0568044
22 33 -865.4791883
21.5 33 -876.160311
21 33 -859.9860268
20.5 33 -871.2774946
20 33 -871.2774946
19.5 33 -869.4464593
19 33 -869.7516596
18.5 33 -872.8033851
18 33 -870.6671495
17.5 33 -867.3102236
17 33 -868.5309139
16.5 33 -873.1085854
16 33 -863.9532978
15.5 33 -878.2965466
15 33 -874.6344204
14.5 33 -872.19304
14 33 -865.173988
13.5 33 -875.2448211
13 33 -870.0568044
12.5 33 -869.7516596
12 33 -868.5309139
11.5 33 -868.5309139
11 33 -868.5309139
10.5 33 -873.1085854
10 33 -870.0568044
9.5 33 -878.2965466
9 33 -876.7706561
8.5 33 -870.6671495
8 33 -868.8361142
7.5 33 -874.0240753
7 33 -872.4982403
6.5 33 -878.6017469
6 33 -865.7843331
5.5 33 -877.6862015
5 33 -871.8878397
4.5 33 -882.2638176
4 33 -883.4845633
3.5 33 -877.9914018
3 33 -885.3155986
2.5 33 -870.9723498
2 33 -877.3810012
1.5 33 -885.9259437
1 33 -880.7379825
0.5 33 -874.6344204
0 33 -880.1275819
0 34 -895.3863762
0.5 34 -882.5690179
1 34 -884.7052535
1.5 34 -875.8551662
2 34 -884.0949084
2.5 34 -878.6017469
3 34 -890.5035598
3.5 34 -875.8551662
4 34 -882.5690179
4.5 34 -883.179363
5 34 -874.3292756
5.5 34 -878.2965466
6 34 -878.2965466
6.5 34 -881.3483277
7 34 -872.4982403
7.5 34 -879.5172368
8 34 -879.8224371
8.5 34 -881.9586728
9 34 -868.2257691
9.5 34 -876.160311
10 34 -871.8878397
10.5 34 -881.6534725
11 34 -878.6017469
11.5 34 -876.160311
12 34 -882.5690179
12.5 34 -878.2965466
13 34 -880.4327822
13.5 34 -868.5309139
14 34 -869.4464593
14.5 34 -878.2965466
15 34 -873.7189305
15.5 34 -877.0758564
16 34 -872.4982403
16.5 34 -881.0431273
17 34 -875.8551662
17.5 34 -874.0240753
18 34 -872.8033851
18.5 34 -875.5499659
19 34 -868.8361142
19.5 34 -878.2965466
20 34 -873.7189305
20.5 34 -865.7843331
21 34 -870.3620047
21.5 34 -873.4137302
22 34 -870.9723498
22.5 34 -870.0568044
23 34 -870.0568044
23.5 34 -870.6671495
24 34 -873.4137302
24.5 34 -868.2257691
25 34 -863.6480975
25.5 34 -866.6998785
26 34 -877.9914018
26.5 34 -870.3620047
27 34 -873.1085854
27.5 34 -869.141259
28 34 -867.6154239
28.5 34 -862.7326076
29 34 -881.0431273
29.5 34 -877.9914018
30 34 -875.8551662
30.5 34 -869.7516596
31 34 -870.3620047
31.5 34 -869.141259
32 34 -886.8414891
32.5 34 -881.0431273
33 34 -871.2774946
33.5 34 -876.7706561
34 34 -874.3292756
34.5 34 -875.2448211
35 34 -878.2965466
35.5 34 -875.8551662
36 34 -877.3810012
36.5 34 -876.7706561
37 34 -869.141259
37.5 34 -874.3292756
38 34 -873.4137302
38.5 34 -879.212092
39 34 -878.6017469
39.5 34 -875.5499659
40 34 -881.0431273
40 35 -890.198415
39.5 35 -876.7706561
39 35 -877.9914018
38.5 35 -870.3620047
38 35 -878.6017469
37.5 35 -880.4327822
37 35 -879.212092
36.5 35 -880.1275819
36 35 -873.1085854
35.5 35 -872.8033851
35 35 -881.0431273
34.5 35 -874.3292756
34 35 -877.3810012
33.5 35 -879.212092
33 35 -872.8033851
32.5 35 -873.4137302
32 35 -859.9860268
31.5 35 -878.2965466
31 35 -866.6998785
30.5 35 -869.141259
30 35 -875.5499659
29.5 35 -874.9396208
29 35 -874.6344204
28.5 35 -871.5826949
28 35 -876.160311
27.5 35 -877.9914018
27 35 -872.4982403
26.5 35 -865.4791883
26 35 -867.3102236
25.5 35 -873.4137302
25 35 -871.5826949
24.5 35 -873.4137302
24 35 -878.9068917
23.5 35 -875.8551662
23 35 -878.2965466
22.5 35 -867.6154239
22 35 -868.8361142
21.5 35 -875.2448211
21 35 -876.7706561
20.5 35 -872.4982403
20 35 -870.3620047
19.5 35 -871.2774946
19 35 -867.9205687
18.5 35 -867.6154239
18 35 -872.8033851
17.5 35 -877.3810012
17 35 -870.3620047
16.5 35 -871.5826949
16 35 -870.0568044
15.5 35 -872.4982403
15 35 -871.5826949
14.5 35 -866.6998785
14 35 -877.6862015
13.5 35 -872.8033851
13 35 -876.7706561
12.5 35 -876.160311
12 35 -877.0758564
11.5 35 -886.5362888
11 35 -882.8742182
10.5 35 -870.3620047
10 35 -876.4655113
9.5 35 -876.7706561
9 35 -878.2965466
8.5 35 -881.3483277
8 35 -874.0240753
7.5 35 -875.2448211
7 35 -876.4655113
6.5 35 -877.6862015
6 35 -882.8742182
5.5 35 -877.6862015
5 35 -885.3155986
4.5 35 -887.4518342
4 35 -888.6725245
3.5 35 -883.7897081
3 35 -882.2638176
2.5 35 -885.6207989
2 35 -892.9449957
1.5 35 -885.0103983
1 35 -878.9068917
0.5 35 -885.6207989
0 35 -883.179363
0 36 -895.9967768
0.5 36 -886.8414891
1 36 -887.756979
1.5 36 -885.0103983
2 36 -879.5172368
2.5 36 -887.756979
3 36 -883.4845633
3.5 36 -878.6017469
4 36 -882.5690179
4.5 36 -881.0431273
5 36 -877.9914018
5.5 36 -890.5035598
6 36 -879.212092
6.5 36 -879.212092
7 36 -875.8551662
7.5 36 -885.9259437
8 36 -875.5499659
8.5 36 -889.8932147
9 36 -873.4137302
9.5 36 -873.1085854
10 36 -877.0758564
10.5 36 -877.3810012
11 36 -879.212092
11.5 36 -877.9914018
12 36 -872.8033851
12.5 36 -884.4000532
13 36 -882.5690179
13.5 36 -878.9068917
14 36 -881.0431273
14.5 36 -876.7706561
15 36 -877.6862015
15.5 36 -878.2965466
16 36 -871.8878397
16.5 36 -875.8551662
17 36 -878.6017469
17.5 36 -871.2774946
18 36 -873.7189305
18.5 36 -876.4655113
19 36 -887.1466339
19.5 36 -883.4845633
20 36 -872.8033851
20.5 36 -877.9914018
21 36 -873.4137302
21.5 36 -874.3292756
22 36 -860.2911716
22.5 36 -879.8224371
23 36 -876.7706561
23.5 36 -870.0568044
24 36 -872.19304
24.5 36 -872.8033851
25 36 -865.173988
25.5 36 -881.9586728
26 36 -872.8033851
26.5 36 -875.2448211
27 36 -871.2774946
27.5 36 -877.0758564
28 36 -881.3483277
28.5 36 -876.4655113
29 36 -874.3292756
29.5 36 -871.2774946
30 36 -872.19304
30.5 36 -877.0758564
31 36 -878.6017469
31.5 36 -882.5690179
32 36 -873.7189305
32.5 36 -874.9396208
33 36 -876.4655113
33.5 36 -877.0758564
34 36 -878.9068917
34.5 36 -864.8688432
35 36 -882.2638176
35.5 36 -882.5690179
36 36 -875.5499659
36.5 36 -879.8224371
37 36 -881.9586728
37.5 36 -870.0568044
38 36 -880.7379825
38.5 36 -881.6534725
39 36 -882.8742182
39.5 36 -877.9914018
40 36 -885.0103983
40 37 -892.0294503
39.5 37 -884.4000532
39 37 -882.5690179
38.5 37 -875.5499659
38 37 -879.212092
37.5 37 -884.7052535
37 37 -877.0758564
36.5 37 -873.4137302
36 37 -879.8224371
35.5 37 -879.5172368
35 37 -880.4327822
34.5 37 -882.8742182
34 37 -876.4655113
33.5 37 -873.1085854
33 37 -877.6862015
32.5 37 -877.9914018
32 37 -864.5636429
31.5 37 -881.9586728
31 37 -870.3620047
30.5 37 -880.1275819
30 37 -878.6017469
29.5 37 -872.8033851
29 37 -879.5172368
28.5 37 -875.5499659
28 37 -876.7706561
27.5 37 -878.6017469
27 37 -879.5172368
26.5 37 -877.6862015
26 37 -873.4137302
25.5 37 -877.3810012
25 37 -879.8224371
24.5 37 -884.4000532
24 37 -881.3483277
23.5 37 -876.160311
23 37 -876.4655113
22.5 37 -871.8878397
22 37 -877.3810012
21.5 37 -881.0431273
21 37 -864.8688432
20.5 37 -880.4327822
20 37 -877.0758564
19.5 37 -883.179363
19 37 -880.4327822
18.5 37 -881.3483277
18 37 -873.7189305
17.5 37 -878.2965466
17 37 -878.2965466
16.5 37 -875.5499659
16 37 -882.5690179
15.5 37 -880.1275819
15 37 -879.8224371
14.5 37 -876.4655113
14 37 -890.8087601
13.5 37 -884.7052535
13 37 -880.1275819
12.5 37 -884.0949084
12 37 -886.8414891
11.5 37 -884.0949084
11 37 -875.2448211
10.5 37 -889.8932147
10 37 -884.4000532
9.5 37 -878.6017469
9 37 -887.756979
8.5 37 -880.1275819
8 37 -883.4845633
7.5 37 -883.7897081
7 37 -879.8224371
6.5 37 -879.8224371
6 37 -878.6017469
5.5 37 -884.7052535
5 37 -889.2828696
4.5 37 -882.5690179
4 37 -876.7706561
3.5 37 -881.3483277
3 37 -887.756979
2.5 37 -882.5690179
2 37 -889.2828696
1.5 37 -886.8414891
1 37 -888.3673797
0.5 37 -882.5690179
0 37 -882.8742182
0 38 -897.5226118
0.5 38 -885.0103983
1 38 -883.7897081
1.5 38 -882.2638176
2 38 -883.179363
2.5 38 -879.8224371
3 38 -889.2828696
3.5 38 -884.0949084
4 38 -893.2501405
4.5 38 -884.0949084
5 38 -883.179363
5.5 38 -880.7379825
6 38 -879.212092
6.5 38 -879.5172368
7 38 -880.7379825
7.5 38 -889.2828696
8 38 -880.7379825
8.5 38 -881.3483277
9 38 -881.0431273
9.5 38 -892.3346506
10 38 -885.9259437
10.5 38 -887.1466339
11 38 -879.8224371
11.5 38 -881.9586728
12 38 -880.4327822
12.5 38 -877.0758564
13 38 -877.9914018
13.5 38 -880.7379825
14 38 -884.7052535
14.5 38 -877.0758564
15 38 -884.7052535
15.5 38 -876.7706561
16 38 -890.198415
16.5 38 -884.7052535
17 38 -881.6534725
17.5 38 -875.5499659
18 38 -881.0431273
18.5 38 -878.6017469
19 38 -872.19304
19.5 38 -878.9068917
20 38 -872.8033851
20.5 38 -882.2638176
21 38 -882.8742182
21.5 38 -877.0758564
22 38 -879.5172368
22.5 38 -883.7897081
23 38 -883.4845633
23.5 38 -870.9723498
24 38 -877.3810012
24.5 38 -877.6862015
25 38 -879.5172368
25.5 38 -879.212092
26 38 -872.4982403
26.5 38 -883.4845633
27 38 -873.7189305
27.5 38 -874.9396208
28 38 -885.6207989
28.5 38 -884.0949084
29 38 -876.160311
29.5 38 -880.1275819
30 38 -882.5690179
30.5 38 -878.9068917
31 38 -877.6862015
31.5 38 -882.5690179
32 38 -875.2448211
32.5 38 -878.9068917
33 38 -881.9586728
33.5 38 -874.9396208
34 38 -883.4845633
34.5 38 -886.231144
35 38 -882.5690179
35.5 38 -881.9586728
36 38 -874.6344204
36.5 38 -873.1085854
37 38 -880.1275819
37.5 38 -869.141259
38 38 -888.0621793
38.5 38 -885.6207989
39 38 -877.9914018
39.5 38 -878.2965466
40 38 -879.8224371
40 39 -894.776031
39.5 39 -887.756979
39 39 -881.0431273
38.5 39 -884.4000532
38 39 -877.3810012
37.5 39 -868.5309139
37 39 -882.8742182
36.5 39 -875.5499659
36 39 -878.6017469
35.5 39 -882.5690179
35 39 -878.2965466
34.5 39 -886.5362888
34 39 -879.212092
33.5 39 -877.9914018
33 39 -880.7379825
32.5 39 -892.3346506
32 39 -879.5172368
31.5 39 -868.8361142
31 39 -878.9068917
30.5 39 -875.8551662
30 39 -881.0431273
29.5 39 -875.2448211
29 39 -881.0431273
28.5 39 -873.7189305
28 39 -883.4845633
27.5 39 -885.9259437
27 39 -882.8742182
26.5 39 -880.4327822
26 39 -885.3155986
25.5 39 -879.8224371
25 39 -888.3673797
24.5 39 -875.8551662
24 39 -884.7052535
23.5 39 -875.5499659
23 39 -888.9777248
22.5 39 -871.2774946
22 39 -885.9259437
21.5 39 -879.212092
21 39 -877.0758564
20.5 39 -878.9068917
20 39 -885.6207989
19.5 39 -886.231144
19 39 -878.9068917
18.5 39 -882.5690179
18 39 -879.8224371
17.5 39 -876.7706561
17 39 -885.0103983
16.5 39 -892.0294503
16 39 -888.6725245
15.5 39 -885.9259437
15 39 -883.7897081
14.5 39 -880.4327822
14 39 -880.7379825
13.5 39 -885.3155986
13 39 -888.6725245
12.5 39 -884.7052535
12 39 -882.8742182
11.5 39 -880.7379825
11 39 -879.5172368
10.5 39 -884.4000532
10 39 -868.2257691
9.5 39 -877.3810012
9 39 -885.9259437
8.5 39 -882.2638176
8 39 -886.231144
7.5 39 -887.1466339
7 39 -871.2774946
6.5 39 -881.0431273
6 39 -878.6017469
5.5 39 -888.3673797
5 39 -879.5172368
4.5 39 -890.8087601
4 39 -878.6017469
3.5 39 -881.6534725
3 39 -885.3155986
2.5 39 -882.2638176
2 39 -885.6207989
1.5 39 -887.1466339
1 39 -893.2501405
0.5 39 -886.5362888
0 39 -886.8414891
0 40 -895.9967768
0.5 40 -888.0621793
1 40 -884.4000532
1.5 40 -881.9586728
2 40 -883.4845633
2.5 40 -882.5690179
3 40 -890.198415
3.5 40 -895.0812314
4 40 -892.6397954
4.5 40 -891.1139604
5 40 -892.3346506
5.5 40 -883.4845633
6 40 -880.7379825
6.5 40 -886.5362888
7 40 -882.2638176
7.5 40 -892.0294503
8 40 -883.179363
8.5 40 -885.9259437
9 40 -879.8224371
9.5 40 -889.5880699
10 40 -885.9259437
10.5 40 -885.3155986
11 40 -890.8087601
11.5 40 -883.4845633
12 40 -884.0949084
12.5 40 -895.9967768
13 40 -881.6534725
13.5 40 -885.6207989
14 40 -881.3483277
14.5 40 -881.6534725
15 40 -888.3673797
15.5 40 -881.0431273
16 40 -885.9259437
16.5 40 -883.179363
17 40 -882.5690179
17.5 40 -879.8224371
18 40 -886.231144
18.5 40 -885.0103983
19 40 -889.2828696
19.5 40 -887.756979
20 40 -885.6207989
20.5 40 -884.4000532
21 40 -891.1139604
21.5 40 -889.2828696
22 40 -868.5309139
22.5 40 -888.9777248
23 40 -884.0949084
23.5 40 -885.3155986
24 40 -877.6862015
24.5 40 -885.0103983
25 40 -881.9586728
25.5 40 -878.9068917
26 40 -882.5690179
26.5 40 -879.5172368
27 40 -883.7897081
27.5 40 -881.0431273
28 40 -869.4464593
28.5 40 -882.5690179
29 40 -881.9586728
29.5 40 -882.8742182
30 40 -886.8414891
30.5 40 -882.2638176
31 40 -879.212092
31.5 40 -888.3673797
32 40 -883.4845633
32.5 40 -887.756979
33 40 -891.1139604
33.5 40 -876.7706561
34 40 -884.0949084
34.5 40 -895.6915765
35 40 -882.5690179
35.5 40 -875.5499659
36 40 -885.9259437
36.5 40 -887.756979
37 40 -885.6207989
37.5 40 -887.756979
38 40 -890.8087601
38.5 40 -887.1466339
39 40 -878.2965466
39.5 40 -877.3810012
40 40 -880.1275819
