0	0	199.9940491
1	0	199.9940491
2	0	199.9940491
3	0	199.9940491
4	0	194.268962
5	0	184.6803127
6	0	175.8119067
7	0	166.461317
8	0	156.7689312
9	0	146.7530403
10	0	138.195913
11	0	129.1382834
12	0	119.9158689
13	0	112.0240151
14	0	105.6946614
15	0	100.4639427
16	0	95.89851829
17	0	92.16315211
18	0	89.52643488
19	0	86.92634113
20	0	84.90607523
21	0	82.95295006
22	0	81.21343875
23	0	79.95611812
24	0	78.55231049
25	0	77.29498291
26	0	76.36724586
27	0	75.31743978
28	0	74.42022693
29	0	73.51690784
30	0	72.82110331
31	0	71.99102425
32	0	71.17924999
33	0	70.64214491
34	0	69.89751139
35	0	69.37261182
36	0	68.73174252
37	0	68.20073672
38	0	67.95659868
39	0	67.81011169
40	0	67.62090193
41	0	67.51103843
42	0	67.41338737
43	0	67.29131141
44	0	67.24858864
45	0	67.04717337
46	0	66.99834437
47	0	66.91899812
48	0	66.83355258
49	0	66.83965187
50	0	66.73589459

0	1	199.9940491
1	1	199.9940491
2	1	199.9940491
3	1	199.9940491
4	1	199.9940491
5	1	199.9940491
6	1	192.5294507
7	1	182.2816342
8	1	170.5384722
9	1	160.4127109
10	1	150.10998
11	1	138.9649507
12	1	128.2044471
13	1	118.8599635
14	1	111.291594
15	1	104.2603295
16	1	98.49861204
17	1	94.58626243
18	1	91.03400672
19	1	88.31183701
20	1	85.84601779
21	1	83.64874765
22	1	81.97028473
23	1	80.31011967
24	1	78.96734655
25	1	77.58794995
26	1	76.31841686
27	1	75.53106751
28	1	74.4141207
29	1	73.5657299
30	1	72.8088978
31	1	71.8201193
32	1	71.31353147
33	1	70.53838069
34	1	69.81206585
35	1	69.19560758
36	1	68.50591622
37	1	68.10918496
38	1	67.77348821
39	1	67.54766191
40	1	67.30352387
41	1	67.27299967
42	1	67.15093065
43	1	66.87627535
44	1	66.71147662
45	1	66.67486008
46	1	66.6382366
47	1	66.5222738
48	1	66.5405786
49	1	66.46123235
50	1	66.47954409

0	2	199.9940491
1	2	199.9940491
2	2	199.9940491
3	2	199.9940491
4	2	199.9940491
5	2	198.6329712
6	2	190.1612895
7	2	180.8534156
8	2	170.849751
9	2	160.8765759
10	2	151.9715465
11	2	142.749132
12	2	132.8553378
13	2	123.7427799
14	2	115.8142957
15	2	108.7708396
16	2	102.1363064
17	2	97.00935888
18	2	93.39606172
19	2	90.34430842
20	2	87.5122752
21	2	85.24176504
22	2	82.94074455
23	2	81.46979619
24	2	79.76080907
25	2	78.36310073
26	2	77.17290695
27	2	76.09259056
28	2	75.09161348
29	2	74.02349567
30	2	73.13238209
31	2	72.39996103
32	2	71.50274123
33	2	70.95342369
34	2	70.22710191
35	2	69.43975256
36	2	68.84771225
37	2	68.22515469
38	2	67.84673517
39	2	67.6453199
40	2	67.41948666
41	2	67.28521212
42	2	67.10820788
43	2	66.9556216
44	2	66.8457581
45	2	66.75420633
46	2	66.69927111
47	2	66.47954409
48	2	66.52837309
49	2	66.43682132
50	2	66.44902684

0	3	199.9940491
1	3	199.9940491
2	3	199.9940491
3	3	199.9940491
4	3	199.9940491
5	3	199.9940491
6	3	199.9940491
7	3	198.7916637
8	3	187.7992345
9	3	177.6734732
10	3	167.193745
11	3	156.469851
12	3	144.7816173
13	3	134.9244189
14	3	125.1160703
15	3	115.8020901
16	3	107.8614142
17	3	101.788411
18	3	97.0825989
19	3	93.11530019
20	3	89.51422936
21	3	86.98126941
22	3	84.80231795
23	3	82.62335954
24	3	80.91436549
25	3	79.41900609
26	3	78.10675023
27	3	76.95928617
28	3	75.68975308
29	3	74.86578024
30	3	73.77935762
31	3	73.14458761
32	3	72.20465198
33	3	71.447806
34	3	70.8557657
35	3	69.95855284
36	3	69.50078707
37	3	68.56695073
38	3	68.11529119
39	3	67.6941489
40	3	67.29131141
41	3	67.13872513
42	3	66.8457581
43	3	66.71758285
44	3	66.57109586
45	3	66.54668483
46	3	66.35136884
47	3	66.38799233
48	3	66.25981708
49	3	66.27202953
50	3	66.3147523

0	4	199.9940491
1	4	199.9940491
2	4	199.9940491
3	4	199.9940491
4	4	199.9940491
5	4	199.9940491
6	4	199.9940491
7	4	197.5465486
8	4	186.9691346
9	4	176.6358726
10	4	167.3890471
11	4	157.6539316
12	4	147.4854683
13	4	137.8480108
14	4	128.8880391
15	4	120.3370181
16	4	111.4075568
17	4	104.663167
18	4	99.38362633
19	4	95.06233301
20	4	91.21100403
21	4	87.90900646
22	4	85.72394877
23	4	83.49616137
24	4	81.62848869
25	4	79.88897738
26	4	78.4058235
27	4	77.19732492
28	4	75.75079453
29	4	74.76202296
30	4	73.77935762
31	4	72.72955155
32	4	71.88726697
33	4	71.00225269
34	4	70.3735889
35	4	69.59844506
36	4	68.82940051
37	4	68.23125398
38	4	67.9199752
39	4	67.55986742
40	4	67.44390463
41	4	67.21196516
42	4	67.06548511
43	4	66.89458709
44	4	66.77251807
45	4	66.69317182
46	4	66.64434282
47	4	66.58330831
48	4	66.44292755
49	4	66.39409855
50	4	66.37578681

0	5	199.9940491
1	5	199.9940491
2	5	199.9940491
3	5	199.9940491
4	5	199.9940491
5	5	199.9940491
6	5	199.9940491
7	5	199.9940491
8	5	199.9940491
9	5	193.6463906
10	5	183.6060887
11	5	173.0225963
12	5	161.4197942
13	5	150.8729253
14	5	140.8814593
15	5	130.2674357
16	5	119.9280814
17	5	111.8348053
18	5	104.9073051
19	5	99.63996989
20	5	94.85481151
21	5	91.29645651
22	5	88.53766331
23	5	85.75446603
24	5	83.69757665
25	5	81.805486
26	5	80.20025616
27	5	78.83307201
28	5	77.43536368
29	5	76.41607486
30	5	75.43340952
31	5	74.21881165
32	5	73.5657299
33	5	72.66241081
34	5	71.95440771
35	5	71.17315071
36	5	70.46514067
37	5	69.84258311
38	5	69.12236755
39	5	68.58525553
40	5	67.9199752
41	5	67.37676389
42	5	66.99834437
43	5	66.77251807
44	5	66.69317182
45	5	66.53447931
46	5	66.36968058
47	5	66.40019784
48	5	66.18657705
49	5	66.1560598
50	5	66.20488879

0	6	199.9940491
1	6	199.9940491
2	6	199.9940491
3	6	199.9940491
4	6	199.9940491
5	6	199.9940491
6	6	199.9940491
7	6	199.9940491
8	6	199.9940491
9	6	199.9940491
10	6	187.8175393
11	6	176.5748381
12	6	165.1246501
13	6	154.7242334
14	6	145.4163734
15	6	135.8338442
16	6	126.1719756
17	6	117.0838287
18	6	109.5887131
19	6	103.5340147
20	6	97.79670823
21	6	93.71344672
22	6	90.38092497
23	6	87.50616898
24	6	85.11359673
25	6	82.86749759
26	6	81.21343875
27	6	79.60821585
28	6	77.92974599
29	6	76.74566538
30	6	75.47002606
31	6	74.42022693
32	6	73.40093811
33	6	72.4426838
34	6	71.75908479
35	6	70.9045947
36	6	70.03789909
37	6	69.4580643
38	6	68.67070801
39	6	68.17021947
40	6	67.49272669
41	6	67.30352387
42	6	67.05937888
43	6	66.89458709
44	6	66.79082287
45	6	66.65044211
46	6	66.55279106
47	6	66.29033433
48	6	66.18657705
49	6	66.22320053
50	6	66.00347352

0	7	199.9940491
1	7	199.9940491
2	7	199.9940491
3	7	199.9940491
4	7	199.9940491
5	7	199.9940491
6	7	199.9940491
7	7	199.9940491
8	7	199.9940491
9	7	199.9940491
10	7	199.2311177
11	7	189.0809731
12	7	177.8077546
13	7	167.2974953
14	7	157.0130692
15	7	146.1549076
16	7	134.5521056
17	7	125.1221626
18	7	115.9851937
19	7	108.0323123
20	7	101.397786
21	7	96.38069509
22	7	92.72467516
23	7	89.05646359
24	7	86.37091736
25	7	84.11871893
26	7	81.98249024
27	7	80.42608246
28	7	78.64386226
29	7	77.36822294
30	7	76.23907061
31	7	74.87188647
32	7	74.02960189
33	7	73.07134758
34	7	72.15582298
35	7	71.43560049
36	7	70.67266217
37	7	70.03789909
38	7	69.35430008
39	7	68.71343078
40	7	68.04204422
41	7	67.28521212
42	7	66.93730986
43	7	66.7481001
44	7	66.51006135
45	7	66.29033433
46	7	66.14385428
47	7	66.04009006
48	7	65.97295626
49	7	65.79595202
50	7	66.00347352

0	8	199.9940491
1	8	199.9940491
2	8	199.9940491
3	8	199.9940491
4	8	199.9940491
5	8	199.9940491
6	8	199.9940491
7	8	199.9940491
8	8	199.9940491
9	8	199.9940491
10	8	199.9940491
11	8	199.9940491
12	8	184.8023817
13	8	172.2779697
14	8	161.8165185
15	8	151.7762444
16	8	140.8631406
17	8	130.9937436
18	8	122.2901364
19	8	113.6963787
20	8	105.9449056
21	8	100.0428004
22	8	95.23933725
23	8	91.77252708
24	8	88.46442329
25	8	85.7971888
26	8	83.81964567
27	8	81.67121146
28	8	80.04156365
29	8	78.41802901
30	8	77.10577316
31	8	76.0193436
32	8	74.73760499
33	8	73.82208039
34	8	72.66241081
35	8	71.85063655
36	8	71.00225269
37	8	70.01958735
38	8	69.31768354
39	8	68.86602399
40	8	68.09087322
41	8	67.65752542
42	8	67.37065766
43	8	67.15703688
44	8	67.05937888
45	8	66.93120363
46	8	66.7481001
47	8	66.61382557
48	8	66.55279106
49	8	66.38799233
50	8	66.24151228

0	9	199.9940491
1	9	199.9940491
2	9	199.9940491
3	9	199.9940491
4	9	199.9940491
5	9	199.9940491
6	9	199.9940491
7	9	199.9940491
8	9	199.9940491
9	9	199.9940491
10	9	199.9940491
11	9	199.9940491
12	9	193.8905425
13	9	183.9417924
14	9	173.626849
15	9	162.6893481
16	9	150.8973363
17	9	140.6739308
18	9	130.737407
19	9	120.7581535
20	9	111.4563858
21	9	104.7608181
22	9	98.93195985
23	9	94.37874093
24	9	90.56403544
25	9	87.5611042
26	9	85.16852501
27	9	82.82477482
28	9	80.95708826
29	9	79.41290681
30	9	77.9419515
31	9	76.78228192
32	9	75.44561503
33	9	74.49346695
34	9	73.43756159
35	9	72.46710176
36	9	71.76519101
37	9	70.7398029
38	9	70.20269088
39	9	69.58623261
40	9	68.75005426
41	9	68.40825822
42	9	67.45611014
43	9	67.03496785
44	9	66.71758285
45	9	66.67486008
46	9	66.33306404
47	9	66.07060732
48	9	66.0584018
49	9	65.94243901
50	9	65.90581553

0	10	199.9940491
1	10	199.9940491
2	10	199.9940491
3	10	199.9940491
4	10	199.9940491
5	10	199.9940491
6	10	199.9940491
7	10	199.9940491
8	10	199.9940491
9	10	199.9940491
10	10	199.9940491
11	10	199.9940491
12	10	199.9940491
13	10	199.9940491
14	10	182.8919793
15	10	170.4957425
16	10	158.5938741
17	10	147.7906408
18	10	138.3179821
19	10	128.8819329
20	10	119.0796906
21	10	111.1512132
22	10	104.4007103
23	10	99.31648559
24	10	94.73274248
25	10	91.03400672
26	10	88.26911424
27	10	85.73615429
28	10	83.58161385
29	10	81.55524173
30	10	79.85846012
31	10	78.55231049
32	10	77.1240849
33	10	75.98272705
34	10	74.87188647
35	10	73.84039213
36	10	72.83941506
37	10	71.99102425
38	10	71.36845975
39	10	70.5811104
40	10	69.61065058
41	10	68.96367505
42	10	68.21294224
43	10	67.63310745
44	10	67.36455838
45	10	67.18755413
46	10	67.10210165
47	10	66.90068638
48	10	66.7481001
49	10	66.60161311
50	10	66.55279106

0	11	199.9940491
1	11	199.9940491
2	11	199.9940491
3	11	199.9940491
4	11	199.9940491
5	11	199.9940491
6	11	199.9940491
7	11	199.9940491
8	11	199.9940491
9	11	199.9940491
10	11	199.9940491
11	11	199.9940491
12	11	199.9940491
13	11	199.9940491
14	11	191.5406861
15	11	180.7618499
16	11	169.3116619
17	11	158.9845061
18	11	148.6451379
19	11	138.0005971
20	11	127.0386712
21	11	117.9993603
22	11	110.1197189
23	11	103.4607747
24	11	98.01032902
25	11	94.02473938
26	11	90.78376245
27	11	87.76251947
28	11	85.21735401
29	11	83.30085233
30	11	81.43927893
31	11	79.96222434
32	11	78.47296424
33	11	77.2339484
34	11	76.26348858
35	11	74.98784926
36	11	74.24932891
37	11	73.0347241
38	11	72.46710176
39	11	71.88116075
40	11	71.02666372
41	11	70.50176415
42	11	69.90361762
43	11	69.23833729
44	11	68.62798524
45	11	67.81011169
46	11	67.35234592
47	11	66.96172089
48	11	66.59551383
49	11	66.40630407
50	11	66.30864607

0	12	199.9940491
1	12	199.9940491
2	12	199.9940491
3	12	199.9940491
4	12	199.9940491
5	12	199.9940491
6	12	199.9940491
7	12	199.9940491
8	12	199.9940491
9	12	199.9940491
10	12	199.9940491
11	12	199.9940491
12	12	199.9940491
13	12	199.9940491
14	12	199.9940491
15	12	199.9940491
16	12	178.888071
17	12	166.4063887
18	12	155.7984575
19	12	145.8192039
20	12	135.0037721
21	12	125.5555243
22	12	117.2974495
23	12	109.7840222
24	12	103.6621899
25	12	98.29719677
26	12	94.32380571
27	12	91.55890629
28	12	88.44611155
29	12	86.24274211
30	12	84.09430791
31	12	82.42804356
32	12	80.80450198
33	12	79.22369705
34	12	78.0396095
35	12	76.82501163
36	12	75.50664954
37	12	74.86578024
38	12	74.12115366
39	12	73.10186484
40	12	72.13751124
41	12	71.43560049
42	12	70.53838069
43	12	69.75103134
44	12	69.26274831
45	12	68.48760448
46	12	67.9688042
47	12	67.36455838
48	12	66.77251807
49	12	66.74199388
50	12	66.48565032

0	13	199.9940491
1	13	199.9940491
2	13	199.9940491
3	13	199.9940491
4	13	199.9940491
5	13	199.9940491
6	13	199.9940491
7	13	199.9940491
8	13	199.9940491
9	13	199.9940491
10	13	199.9940491
11	13	199.9940491
12	13	199.9940491
13	13	199.9940491
14	13	199.9940491
15	13	196.1854568
16	13	185.150284
17	13	175.2625822
18	13	164.758443
19	13	154.2725808
20	13	142.5843332
21	13	132.6600219
22	13	123.2728086
23	13	114.1846617
24	13	106.7078509
25	13	101.0865072
26	13	96.65535039
27	13	92.74909313
28	13	89.26398509
29	13	87.07282118
30	13	84.79621172
31	13	82.87971004
32	13	81.15240424
33	13	79.58380482
34	13	78.44855321
35	13	77.24615392
36	13	76.09259056
37	13	74.98784926
38	13	74.07843089
39	13	73.57794235
40	13	72.77227432
41	13	71.862849
42	13	71.32573698
43	13	70.58720969
44	13	70.14165637
45	13	69.43364633
46	13	68.86602399
47	13	68.27397675
48	13	67.71855993
49	13	67.01665611
50	13	67.24858864

0	14	199.9940491
1	14	199.9940491
2	14	199.9940491
3	14	199.9940491
4	14	199.9940491
5	14	199.9940491
6	14	199.9940491
7	14	199.9940491
8	14	199.9940491
9	14	199.9940491
10	14	199.9940491
11	14	199.9940491
12	14	199.9940491
13	14	199.9940491
14	14	199.9940491
15	14	199.9940491
16	14	199.9940491
17	14	188.8368212
18	14	174.0846078
19	14	162.6039026
20	14	151.1414743
21	14	140.7410716
22	14	131.8604531
23	14	122.9249064
24	14	114.337248
25	14	107.4280664
26	14	102.3194168
27	14	98.02864076
28	14	94.00642764
29	14	90.94855424
30	14	88.50104677
31	14	86.26105386
32	14	84.42389843
33	14	82.55011952
34	14	81.17681527
35	14	79.87066564
36	14	78.38751176
37	14	77.43536368
38	14	76.31231758
39	14	75.23199425
40	14	74.70098845
41	14	73.50469539
42	14	72.83941506
43	14	72.02154151
44	14	71.30742524
45	14	70.6970732
46	14	70.08062186
47	14	69.39092356
48	14	68.68291352
49	14	68.18853121
50	14	67.63310745

0	15	199.9940491
1	15	199.9940491
2	15	199.9940491
3	15	199.9940491
4	15	199.9940491
5	15	199.9940491
6	15	199.9940491
7	15	199.9940491
8	15	199.9940491
9	15	199.9940491
10	15	199.9940491
11	15	199.9940491
12	15	199.9940491
13	15	199.9940491
14	15	199.9940491
15	15	199.9940491
16	15	199.9940491
17	15	191.2660308
18	15	181.1341771
19	15	170.6239178
20	15	159.2530552
21	15	148.5352674
22	15	138.9649507
23	15	128.6499934
24	15	118.7928228
25	15	111.242765
26	15	104.8523768
27	15	99.75593962
28	15	95.16609722
29	15	91.76642779
30	15	89.22126232
31	15	86.45026361
32	15	84.53376193
33	15	82.78815133
34	15	81.01202348
35	15	79.84014838
36	15	78.26544274
37	15	77.20343115
38	15	76.40996863
39	15	75.40899155
40	15	74.56060769
41	15	73.51080161
42	15	73.01031307
43	15	72.14361053
44	15	71.41728875
45	15	70.76421393
46	15	70.23931436
47	15	69.70830857
48	15	68.91484605
49	15	68.402152
50	15	68.68291352

0	16	199.9940491
1	16	199.9940491
2	16	199.9940491
3	16	199.9940491
4	16	199.9940491
5	16	199.9940491
6	16	199.9940491
7	16	199.9940491
8	16	199.9940491
9	16	199.9940491
10	16	199.9940491
11	16	199.9940491
12	16	199.9940491
13	16	199.9940491
14	16	199.9940491
15	16	199.9940491
16	16	199.9940491
17	16	199.9940491
18	16	199.9940491
19	16	181.0914474
20	16	167.5294348
21	16	156.2379115
22	16	146.2769766
23	16	136.7859992
24	16	126.9654243
25	16	118.1824638
26	16	111.462492
27	16	105.3284474
28	16	100.4578434
29	16	96.16706736
30	16	93.2739927
31	16	90.58234718
32	16	88.01276374
33	16	85.93756956
34	16	84.03937268
35	16	82.64167128
36	16	81.09746902
37	16	79.6875621
38	16	78.54010498
39	16	77.66118998
40	16	76.69683638
41	16	75.80572281
42	16	74.78643399
43	16	74.12725295
44	16	73.17510486
45	16	72.56475282
46	16	71.82622552
47	16	71.10600997
48	16	70.56279866
49	16	69.86089485
50	16	69.25664903

0	17	199.9940491
1	17	199.9940491
2	17	199.9940491
3	17	199.9940491
4	17	199.9940491
5	17	199.9940491
6	17	199.9940491
7	17	199.9940491
8	17	199.9940491
9	17	199.9940491
10	17	199.9940491
11	17	199.9940491
12	17	199.9940491
13	17	199.9940491
14	17	199.9940491
15	17	199.9940491
16	17	199.9940491
17	17	199.9940491
18	17	197.9005432
19	17	187.7015765
20	17	176.4100532
21	17	166.4552107
22	17	156.0609142
23	17	145.3797499
24	17	134.3751083
25	17	125.0977516
26	17	117.016688
27	17	109.2469171
28	17	103.0213206
29	17	98.66951006
30	17	94.82429425
31	17	91.65045806
32	17	88.86115455
33	17	86.46857536
34	17	84.8328352
35	17	82.88580933
36	17	81.56134795
37	17	80.22466719
38	17	78.94293552
39	17	77.98468121
40	17	76.89825166
41	17	76.12310782
42	17	75.27471702
43	17	74.31646271
44	17	73.64507615
45	17	72.85162057
46	17	72.40606725
47	17	71.57598125
48	17	71.12432171
49	17	70.48345241
50	17	70.56890489

0	18	199.9940491
1	18	199.9940491
2	18	199.9940491
3	18	199.9940491
4	18	199.9940491
5	18	199.9940491
6	18	199.9940491
7	18	199.9940491
8	18	199.9940491
9	18	199.9940491
10	18	199.9940491
11	18	199.9940491
12	18	199.9940491
13	18	199.9940491
14	18	199.9940491
15	18	199.9940491
16	18	199.9940491
17	18	199.9940491
18	18	199.9940491
19	18	199.9940491
20	18	197.1192931
21	18	176.4710877
22	18	164.6913023
23	18	154.1382993
24	18	143.1702673
25	18	133.3863436
26	18	124.646099
27	18	116.5955527
28	18	109.3567806
29	18	103.3020822
30	18	99.08455306
31	18	95.46516355
32	18	92.04718932
33	18	89.42877688
34	18	87.13996191
35	18	85.28449474
36	18	83.53888414
37	18	81.7383522
38	18	80.36504795
39	18	79.44342406
40	18	78.1799972
41	18	77.06914967
42	18	76.11089536
43	18	75.28082324
44	18	74.38360344
45	18	73.55352438
46	18	72.7600688
47	18	71.96661322
48	18	71.36236047
49	18	70.61772694
50	18	70.01348112

0	19	199.9940491
1	19	199.9940491
2	19	199.9940491
3	19	199.9940491
4	19	199.9940491
5	19	199.9940491
6	19	199.9940491
7	19	199.9940491
8	19	199.9940491
9	19	199.9940491
10	19	199.9940491
11	19	199.9940491
12	19	199.9940491
13	19	199.9940491
14	19	199.9940491
15	19	199.9940491
16	19	199.9940491
17	19	199.9940491
18	19	199.9940491
19	19	199.9940491
20	19	193.1275972
21	19	183.4840196
22	19	173.2789467
23	19	162.6710294
24	19	151.2696496
25	19	141.2354539
26	19	131.6468323
27	19	121.6797912
28	19	112.8785052
29	19	106.5552646
30	19	101.1597472
31	19	96.61873385
32	19	92.78571661
33	19	90.0147179
34	19	87.67096771
35	19	85.20514849
36	19	83.54499037
37	19	81.54914244
38	19	80.31011967
39	19	79.16876182
40	19	77.84430045
41	19	76.95318688
42	19	75.92779183
43	19	75.09161348
44	19	74.20049991
45	19	73.35821534
46	19	72.68072255
47	19	71.89947249
48	19	71.44170672
49	19	70.73369668
50	19	70.72759045

0	20	199.9940491
1	20	199.9940491
2	20	199.9940491
3	20	199.9940491
4	20	199.9940491
5	20	199.9940491
6	20	199.9940491
7	20	199.9940491
8	20	199.9940491
9	20	199.9940491
10	20	199.9940491
11	20	199.9940491
12	20	199.9940491
13	20	199.9940491
14	20	199.9940491
15	20	199.9940491
16	20	199.9940491
17	20	199.9940491
18	20	199.9940491
19	20	199.9940491
20	20	199.9940491
21	20	199.9940491
22	20	184.3202119
23	20	170.8314323
24	20	158.5694631
25	20	147.6990891
26	20	138.2569476
27	20	129.0955537
28	20	119.8670468
29	20	112.1277723
30	20	106.0730739
31	20	101.2085762
32	20	96.89949537
33	20	93.60968944
34	20	90.7532452
35	20	88.2019735
36	20	86.24274211
37	20	84.28351767
38	20	82.72711682
39	20	81.54303621
40	20	79.95001189
41	20	78.84527753
42	20	77.61846721
43	20	76.7090419
44	20	75.50664954
45	20	74.73760499
46	20	73.95025564
47	20	73.0835531
48	20	72.41827277
49	20	71.57598125
50	20	70.81304293

0	21	199.9940491
1	21	199.9940491
2	21	199.9940491
3	21	199.9940491
4	21	199.9940491
5	21	199.9940491
6	21	199.9940491
7	21	199.9940491
8	21	199.9940491
9	21	199.9940491
10	21	199.9940491
11	21	199.9940491
12	21	199.9940491
13	21	199.9940491
14	21	199.9940491
15	21	199.9940491
16	21	199.9940491
17	21	199.9940491
18	21	199.9940491
19	21	199.9940491
20	21	199.9940491
21	21	198.2057296
22	21	188.4217921
23	21	178.0885162
24	21	166.6871502
25	21	156.5492042
26	21	146.5699367
27	21	136.0352664
28	21	125.6592747
29	21	117.3279668
30	21	109.9244029
31	21	103.9490508
32	21	98.70613354
33	21	94.84871222
34	21	91.87018507
35	21	88.92828834
36	21	86.77985414
37	21	84.77789998
38	21	82.95295006
39	21	81.57355347
40	21	80.06597468
41	21	79.00397003
42	21	77.9419515
43	21	76.76397712
44	21	75.94610357
45	21	75.05499
46	21	74.31646271
47	21	73.47417813
48	21	72.94927856
49	21	72.25347404
50	21	72.25958026

0	22	199.9940491
1	22	199.9940491
2	22	199.9940491
3	22	199.9940491
4	22	199.9940491
5	22	199.9940491
6	22	199.9940491
7	22	199.9940491
8	22	199.9940491
9	22	199.9940491
10	22	199.9940491
11	22	199.9940491
12	22	199.9940491
13	22	199.9940491
14	22	199.9940491
15	22	199.9940491
16	22	199.9940491
17	22	199.9940491
18	22	199.9940491
19	22	199.9940491
20	22	199.9940491
21	22	199.9940491
22	22	199.9940491
23	22	199.9940491
24	22	177.6734732
25	22	165.2955411
26	22	154.9012446
27	22	144.8548503
28	22	134.7352091
29	22	125.0550358
30	22	117.5599063
31	22	110.6934475
32	22	104.6814718
33	22	100.2442157
34	22	96.26472536
35	22	93.49371971
36	22	90.67999823
37	22	88.5254578
38	22	86.58453815
39	22	84.85114
40	22	83.27643436
41	22	81.79938671
42	22	80.37725346
43	22	79.37628332
44	22	78.11284952
45	22	77.24004769
46	22	76.40386934
47	22	75.51275577
48	22	74.70098845
49	22	73.79766936
50	22	73.04693656

0	23	199.9940491
1	23	199.9940491
2	23	199.9940491
3	23	199.9940491
4	23	199.9940491
5	23	199.9940491
6	23	199.9940491
7	23	199.9940491
8	23	199.9940491
9	23	199.9940491
10	23	199.9940491
11	23	199.9940491
12	23	199.9940491
13	23	199.9940491
14	23	199.9940491
15	23	199.9940491
16	23	199.9940491
17	23	199.9940491
18	23	199.9940491
19	23	199.9940491
20	23	199.9940491
21	23	199.9940491
22	23	199.9940491
23	23	193.8905425
24	23	182.7393931
25	23	173.0348087
26	23	163.1226959
27	23	152.0997217
28	23	141.4185713
29	23	131.909289
30	23	122.8943891
31	23	114.8560483
32	23	107.7149342
33	23	102.7039356
34	23	98.51692379
35	23	94.55574518
36	23	91.68097531
37	23	89.26398509
38	23	87.03620463
39	23	85.30890577
40	23	83.48395586
41	23	82.20221726
42	23	80.88384823
43	23	79.76080907
44	23	78.60113949
45	23	77.66729621
46	23	76.95318688
47	23	75.9522098
48	23	75.25640527
49	23	74.61553597
50	23	74.48736072

0	24	199.9940491
1	24	199.9940491
2	24	199.9940491
3	24	199.9940491
4	24	199.9940491
5	24	199.9940491
6	24	199.9940491
7	24	199.9940491
8	24	199.9940491
9	24	199.9940491
10	24	199.9940491
11	24	199.9940491
12	24	199.9940491
13	24	199.9940491
14	24	199.9940491
15	24	199.9940491
16	24	199.9940491
17	24	199.9940491
18	24	199.9940491
19	24	199.9940491
20	24	199.9940491
21	24	199.9940491
22	24	199.9940491
23	24	199.9940491
24	24	199.9940491
25	24	185.4798676
26	24	171.7652687
27	24	160.6263317
28	24	149.3104251
29	24	139.1907839
30	24	130.5481973
31	24	122.0887141
32	24	114.4226935
33	24	108.001795
34	24	103.2349414
35	24	99.32869111
36	24	95.58723951
37	24	92.88947389
38	24	90.32599668
39	24	88.09821622
40	24	86.51740435
41	24	84.70465995
42	24	83.39240409
43	24	81.90925022
44	24	80.84722475
45	24	79.68146282
46	24	78.57062223
47	24	77.64898446
48	24	76.61749013
49	24	75.87286355
50	24	75.006161

0	25	199.9940491
1	25	199.9940491
2	25	199.9940491
3	25	199.9940491
4	25	199.9940491
5	25	199.9940491
6	25	199.9940491
7	25	199.9940491
8	25	199.9940491
9	25	199.9940491
10	25	199.9940491
11	25	199.9940491
12	25	199.9940491
13	25	199.9940491
14	25	199.9940491
15	25	199.9940491
16	25	199.9940491
17	25	199.9940491
18	25	199.9940491
19	25	199.9940491
20	25	199.9940491
21	25	199.9940491
22	25	199.9940491
23	25	199.9940491
24	25	198.333891
25	25	188.8246226
26	25	178.9552118
27	25	168.3717193
28	25	157.0496927
29	25	147.1009425
30	25	137.4329678
31	25	127.0508837
32	25	118.1519466
33	25	110.8216227
34	25	104.9134113
35	25	99.90241967
36	25	95.7520313
37	25	92.71857587
38	25	90.16119795
39	25	87.63434423
40	25	85.80328809
41	25	83.75861116
42	25	82.47077327
43	25	81.0852635
44	25	79.7852201
45	25	78.74152025
46	25	77.74053623
47	25	76.80669989
48	25	75.87286355
49	25	75.12823003
50	25	75.14654177

0	26	199.9940491
1	26	199.9940491
2	26	199.9940491
3	26	199.9940491
4	26	199.9940491
5	26	199.9940491
6	26	199.9940491
7	26	199.9940491
8	26	199.9940491
9	26	199.9940491
10	26	199.9940491
11	26	199.9940491
12	26	199.9940491
13	26	199.9940491
14	26	199.9940491
15	26	199.9940491
16	26	199.9940491
17	26	199.9940491
18	26	199.9940491
19	26	199.9940491
20	26	199.9940491
21	26	199.9940491
22	26	199.9940491
23	26	199.9940491
24	26	199.9940491
25	26	199.9940491
26	26	199.9940491
27	26	180.255269
28	26	166.8946648
29	26	155.4383566
30	26	145.8558274
31	26	136.0535712
32	26	126.593111
33	26	117.9017023
34	26	111.0596615
35	26	105.5908971
36	26	100.4883607
37	26	96.77741941
38	26	93.56086045
39	26	90.71662171
40	26	88.66583856
41	26	86.41364013
42	26	84.8328352
43	26	83.26422885
44	26	81.72613974
45	26	80.61529222
46	26	79.28473156
47	26	78.39972421
48	26	77.24615392
49	26	76.11700159
50	26	75.45782055

0	27	199.9940491
1	27	199.9940491
2	27	199.9940491
3	27	199.9940491
4	27	199.9940491
5	27	199.9940491
6	27	199.9940491
7	27	199.9940491
8	27	199.9940491
9	27	199.9940491
10	27	199.9940491
11	27	199.9940491
12	27	199.9940491
13	27	199.9940491
14	27	199.9940491
15	27	199.9940491
16	27	199.9940491
17	27	199.9940491
18	27	199.9940491
19	27	199.9940491
20	27	199.9940491
21	27	199.9940491
22	27	199.9940491
23	27	199.9940491
24	27	199.9940491
25	27	199.9940491
26	27	195.1112466
27	27	184.8817349
28	27	173.6573663
29	27	163.7696645
30	27	153.4364025
31	27	143.1031404
32	27	132.2266741
33	27	123.2300789
34	27	115.1856319
35	27	107.6844169
36	27	102.2583823
37	27	97.38777146
38	27	94.22615466
39	27	91.31476825
40	27	88.409495
41	27	86.57233264
42	27	84.57037848
43	27	82.78815133
44	27	81.35382645
45	27	79.98663537
46	27	79.01007626
47	27	77.86871148
48	27	76.99590965
49	27	76.03155605
50	27	76.25738235

0	28	199.9940491
1	28	199.9940491
2	28	199.9940491
3	28	199.9940491
4	28	199.9940491
5	28	199.9940491
6	28	199.9940491
7	28	199.9940491
8	28	199.9940491
9	28	199.9940491
10	28	199.9940491
11	28	199.9940491
12	28	199.9940491
13	28	199.9940491
14	28	199.9940491
15	28	199.9940491
16	28	199.9940491
17	28	199.9940491
18	28	199.9940491
19	28	199.9940491
20	28	199.9940491
21	28	199.9940491
22	28	199.9940491
23	28	199.9940491
24	28	199.9940491
25	28	199.9940491
26	28	199.9940491
27	28	199.9940491
28	28	189.5082147
29	28	173.2240185
30	28	161.9813172
31	28	151.5137876
32	28	140.9546924
33	28	131.2073783
34	28	122.8211421
35	28	115.1551146
36	28	108.2825565
37	28	102.8321109
38	28	98.88923708
39	28	95.46516355
40	28	92.22418662
41	28	89.8560254
42	28	87.46955243
43	28	85.81550054
44	28	83.88678641
45	28	82.36090976
46	28	81.18902078
47	28	79.71198007
48	28	78.71710228
49	28	77.49639819
50	28	76.78228192

0	29	199.9940491
1	29	199.9940491
2	29	199.9940491
3	29	199.9940491
4	29	199.9940491
5	29	199.9940491
6	29	199.9940491
7	29	199.9940491
8	29	199.9940491
9	29	199.9940491
10	29	199.9940491
11	29	199.9940491
12	29	199.9940491
13	29	199.9940491
14	29	199.9940491
15	29	199.9940491
16	29	199.9940491
17	29	199.9940491
18	29	199.9940491
19	29	199.9940491
20	29	199.9940491
21	29	199.9940491
22	29	199.9940491
23	29	199.9940491
24	29	199.9940491
25	29	199.9940491
26	29	199.9940491
27	29	199.9940491
28	29	190.0514329
29	29	180.1148813
30	29	170.1478403
31	29	159.2713739
32	29	148.2606121
33	29	138.5254966
34	29	128.9490736
35	29	119.8670468
36	29	111.6211845
37	29	105.5298626
38	29	100.7691222
39	29	96.56990485
40	29	93.17634164
41	29	90.48468919
42	29	88.06159274
43	29	86.02912133
44	29	83.94172163
45	29	82.76374031
46	29	81.35993268
47	29	80.0598754
48	29	79.01617555
49	29	78.01519847
50	29	77.78936523

0	30	199.9940491
1	30	199.9940491
2	30	199.9940491
3	30	199.9940491
4	30	199.9940491
5	30	199.9940491
6	30	199.9940491
7	30	199.9940491
8	30	199.9940491
9	30	199.9940491
10	30	199.9940491
11	30	199.9940491
12	30	199.9940491
13	30	199.9940491
14	30	199.9940491
15	30	199.9940491
16	30	199.9940491
17	30	199.9940491
18	30	199.9940491
19	30	199.9940491
20	30	199.9940491
21	30	199.9940491
22	30	199.9940491
23	30	199.9940491
24	30	199.9940491
25	30	199.9940491
26	30	199.9940491
27	30	199.9940491
28	30	199.9940491
29	30	199.9940491
30	30	182.2450107
31	30	169.0980411
32	30	157.324348
33	30	146.8568045
34	30	137.2254532
35	30	128.399763
36	30	119.3299348
37	30	112.0484261
38	30	106.4698121
39	30	101.3916798
40	30	97.41828871
41	30	93.8294234
42	30	91.24762751
43	30	88.98322357
44	30	86.63336715
45	30	84.8328352
46	30	83.10553634
47	30	81.76276323
48	30	80.49932942
49	30	79.11993977
50	30	78.0396095

0	31	199.9940491
1	31	199.9940491
2	31	199.9940491
3	31	199.9940491
4	31	199.9940491
5	31	199.9940491
6	31	199.9940491
7	31	199.9940491
8	31	199.9940491
9	31	199.9940491
10	31	199.9940491
11	31	199.9940491
12	31	199.9940491
13	31	199.9940491
14	31	199.9940491
15	31	199.9940491
16	31	199.9940491
17	31	199.9940491
18	31	199.9940491
19	31	199.9940491
20	31	199.9940491
21	31	199.9940491
22	31	199.9940491
23	31	199.9940491
24	31	199.9940491
25	31	199.9940491
26	31	199.9940491
27	31	199.9940491
28	31	199.9940491
29	31	195.9901408
30	31	186.3099536
31	31	176.0987745
32	31	164.7523368
33	31	154.6631989
34	31	144.8243331
35	31	134.4483552
36	31	124.4385706
37	31	116.2720614
38	31	109.1919818
39	31	103.5462202
40	31	98.46809479
41	31	95.02571646
42	31	92.00446655
43	31	89.31281409
44	31	87.06061566
45	31	85.06476773
46	31	83.54499037
47	31	81.79938671
48	31	80.75567298
49	31	79.58990411
50	31	79.42511232

0	32	199.9940491
1	32	199.9940491
2	32	199.9940491
3	32	199.9940491
4	32	199.9940491
5	32	199.9940491
6	32	199.9940491
7	32	199.9940491
8	32	199.9940491
9	32	199.9940491
10	32	199.9940491
11	32	199.9940491
12	32	199.9940491
13	32	199.9940491
14	32	199.9940491
15	32	199.9940491
16	32	199.9940491
17	32	199.9940491
18	32	199.9940491
19	32	199.9940491
20	32	199.9940491
21	32	199.9940491
22	32	199.9940491
23	32	199.9940491
24	32	199.9940491
25	32	199.9940491
26	32	199.9940491
27	32	199.9940491
28	32	199.9940491
29	32	199.9940491
30	32	199.9940491
31	32	195.2027984
32	32	175.9400819
33	32	163.928357
34	32	153.2349803
35	32	143.7073793
36	32	133.7525507
37	32	124.572852
38	32	117.0655239
39	32	110.5896902
40	32	104.9256168
41	32	100.5188779
42	32	96.80183738
43	32	94.09797941
44	32	91.22321648
45	32	89.10529259
46	32	87.28034268
47	32	85.33332374
48	32	83.87458089
49	32	82.26935799
50	32	81.14629801

0	33	199.9940491
1	33	199.9940491
2	33	199.9940491
3	33	199.9940491
4	33	199.9940491
5	33	199.9940491
6	33	199.9940491
7	33	199.9940491
8	33	199.9940491
9	33	199.9940491
10	33	199.9940491
11	33	199.9940491
12	33	199.9940491
13	33	199.9940491
14	33	199.9940491
15	33	199.9940491
16	33	199.9940491
17	33	199.9940491
18	33	199.9940491
19	33	199.9940491
20	33	199.9940491
21	33	199.9940491
22	33	199.9940491
23	33	199.9940491
24	33	199.9940491
25	33	199.9940491
26	33	199.9940491
27	33	199.9940491
28	33	199.9940491
29	33	199.9940491
30	33	199.9940491
31	33	191.9435166
32	33	180.8656142
33	33	171.0572656
34	33	161.2000672
35	33	150.4090463
36	33	139.923198
37	33	130.1209418
38	33	121.7347195
39	33	114.0320685
40	33	107.2815795
41	33	102.6001784
42	33	98.49861204
43	33	94.9524695
44	33	92.06550106
45	33	89.67902115
46	33	87.85407124
47	33	85.88874056
48	33	84.46051497
49	33	83.17877637
50	33	82.80646308

0	34	199.9940491
1	34	199.9940491
2	34	199.9940491
3	34	199.9940491
4	34	199.9940491
5	34	199.9940491
6	34	199.9940491
7	34	199.9940491
8	34	199.9940491
9	34	199.9940491
10	34	199.9940491
11	34	199.9940491
12	34	199.9940491
13	34	199.9940491
14	34	199.9940491
15	34	199.9940491
16	34	199.9940491
17	34	199.9940491
18	34	199.9940491
19	34	199.9940491
20	34	199.9940491
21	34	199.9940491
22	34	199.9940491
23	34	199.9940491
24	34	199.9940491
25	34	199.9940491
26	34	199.9940491
27	34	199.9940491
28	34	199.9940491
29	34	199.9940491
30	34	199.9940491
31	34	199.9940491
32	34	199.9940491
33	34	185.785054
34	34	171.7530701
35	34	160.5958144
36	34	149.7315605
37	34	139.6363442
38	34	131.0303671
39	34	122.7662139
40	34	114.8865655
41	34	108.8440796
42	34	104.052815
43	34	100.0305949
44	34	96.86897812
45	34	93.73175847
46	34	91.55280006
47	34	89.50202385
48	34	87.46955243
49	34	85.89484679
50	34	84.42389843

0	35	199.9940491
1	35	199.9940491
2	35	199.9940491
3	35	199.9940491
4	35	199.9940491
5	35	199.9940491
6	35	199.9940491
7	35	199.9940491
8	35	199.9940491
9	35	199.9940491
10	35	199.9940491
11	35	199.9940491
12	35	199.9940491
13	35	199.9940491
14	35	199.9940491
15	35	199.9940491
16	35	199.9940491
17	35	199.9940491
18	35	199.9940491
19	35	199.9940491
20	35	199.9940491
21	35	199.9940491
22	35	199.9940491
23	35	199.9940491
24	35	199.9940491
25	35	199.9940491
26	35	199.9940491
27	35	199.9940491
28	35	199.9940491
29	35	199.9940491
30	35	199.9940491
31	35	199.9940491
32	35	198.0287184
33	35	188.7025536
34	35	179.058976
35	35	168.3839318
36	35	157.8126241
37	35	147.4915745
38	35	138.3729104
39	35	129.0345192
40	35	120.0074207
41	35	113.4766517
42	35	107.879726
43	35	103.0762489
44	35	99.10896409
45	35	95.88630584
46	35	93.60968944
47	35	91.08893501
48	35	89.22126232
49	35	87.65265597
50	35	86.95075215

0	36	199.9940491
1	36	199.9940491
2	36	199.9940491
3	36	199.9940491
4	36	199.9940491
5	36	199.9940491
6	36	199.9940491
7	36	199.9940491
8	36	199.9940491
9	36	199.9940491
10	36	199.9940491
11	36	199.9940491
12	36	199.9940491
13	36	199.9940491
14	36	199.9940491
15	36	199.9940491
16	36	199.9940491
17	36	199.9940491
18	36	199.9940491
19	36	199.9940491
20	36	199.9940491
21	36	199.9940491
22	36	199.9940491
23	36	199.9940491
24	36	199.9940491
25	36	199.9940491
26	36	199.9940491
27	36	199.9940491
28	36	199.9940491
29	36	199.9940491
30	36	199.9940491
31	36	199.9940491
32	36	199.9940491
33	36	199.9940491
34	36	199.9940491
35	36	179.1383153
36	36	166.3087307
37	36	155.4566614
38	36	145.7825943
39	36	136.682235
40	36	127.4720191
41	36	119.6961419
42	36	113.4339289
43	36	108.0811413
44	36	103.7720535
45	36	100.0122832
46	36	97.18635618
47	36	94.65339623
48	36	92.3096391
49	36	90.38092497
50	36	88.5254578

0	37	199.9940491
1	37	199.9940491
2	37	199.9940491
3	37	199.9940491
4	37	199.9940491
5	37	199.9940491
6	37	199.9940491
7	37	199.9940491
8	37	199.9940491
9	37	199.9940491
10	37	199.9940491
11	37	199.9940491
12	37	199.9940491
13	37	199.9940491
14	37	199.9940491
15	37	199.9940491
16	37	199.9940491
17	37	199.9940491
18	37	199.9940491
19	37	199.9940491
20	37	199.9940491
21	37	199.9940491
22	37	199.9940491
23	37	199.9940491
24	37	199.9940491
25	37	199.9940491
26	37	199.9940491
27	37	199.9940491
28	37	199.9940491
29	37	199.9940491
30	37	199.9940491
31	37	199.9940491
32	37	199.9940491
33	37	199.9940491
34	37	193.292396
35	37	182.8187463
36	37	172.1559006
37	37	162.2559725
38	37	152.5208709
39	37	142.3951235
40	37	132.2144616
41	37	123.8343317
42	37	116.4124422
43	37	110.2723052
44	37	104.7608181
45	37	100.885085
46	37	97.83333171
47	37	94.71443074
48	37	92.42560883
49	37	90.46027122
50	37	89.78888466

0	38	199.9940491
1	38	199.9940491
2	38	199.9940491
3	38	199.9940491
4	38	199.9940491
5	38	199.9940491
6	38	199.9940491
7	38	199.9940491
8	38	199.9940491
9	38	199.9940491
10	38	199.9940491
11	38	199.9940491
12	38	199.9940491
13	38	199.9940491
14	38	199.9940491
15	38	199.9940491
16	38	199.9940491
17	38	199.9940491
18	38	199.9940491
19	38	199.9940491
20	38	199.9940491
21	38	199.9940491
22	38	199.9940491
23	38	199.9940491
24	38	199.9940491
25	38	199.9940491
26	38	199.9940491
27	38	199.9940491
28	38	199.9940491
29	38	199.9940491
30	38	199.9940491
31	38	199.9940491
32	38	199.9940491
33	38	199.9940491
34	38	199.9940491
35	38	199.9940491
36	38	188.9344792
37	38	173.4437455
38	38	162.5489604
39	38	152.4781412
40	38	141.9495771
41	38	132.8126081
42	38	124.792579
43	38	117.5965297
44	38	111.413663
45	38	106.1524202
46	38	102.3743451
47	38	99.18220412
48	38	96.0755156
49	38	93.62800119
50	38	91.55280006

0	39	199.9940491
1	39	199.9940491
2	39	199.9940491
3	39	199.9940491
4	39	199.9940491
5	39	199.9940491
6	39	199.9940491
7	39	199.9940491
8	39	199.9940491
9	39	199.9940491
10	39	199.9940491
11	39	199.9940491
12	39	199.9940491
13	39	199.9940491
14	39	199.9940491
15	39	199.9940491
16	39	199.9940491
17	39	199.9940491
18	39	199.9940491
19	39	199.9940491
20	39	199.9940491
21	39	199.9940491
22	39	199.9940491
23	39	199.9940491
24	39	199.9940491
25	39	199.9940491
26	39	199.9940491
27	39	199.9940491
28	39	199.9940491
29	39	199.9940491
30	39	199.9940491
31	39	199.9940491
32	39	199.9940491
33	39	199.9940491
34	39	199.9940491
35	39	198.5658304
36	39	188.1532291
37	39	178.3387604
38	39	168.4571649
39	39	158.3497361
40	39	147.454951
41	39	138.2081116
42	39	129.2664586
43	39	120.6116734
44	39	113.4705455
45	39	107.757657
46	39	103.4729802
47	39	99.53010638
48	39	96.43562338
49	39	93.91487588
50	39	93.18244093

0	40	199.9940491
1	40	199.9940491
2	40	199.9940491
3	40	199.9940491
4	40	199.9940491
5	40	199.9940491
6	40	199.9940491
7	40	199.9940491
8	40	199.9940491
9	40	199.9940491
10	40	199.9940491
11	40	199.9940491
12	40	199.9940491
13	40	199.9940491
14	40	199.9940491
15	40	199.9940491
16	40	199.9940491
17	40	199.9940491
18	40	199.9940491
19	40	199.9940491
20	40	199.9940491
21	40	199.9940491
22	40	199.9940491
23	40	199.9940491
24	40	199.9940491
25	40	199.9940491
26	40	199.9940491
27	40	199.9940491
28	40	199.9940491
29	40	199.9940491
30	40	199.9940491
31	40	199.9940491
32	40	199.9940491
33	40	199.9940491
34	40	199.9940491
35	40	199.9940491
36	40	199.9940491
37	40	199.9940491
38	40	180.6764044
39	40	168.3350959
40	40	156.8543767
41	40	146.7347355
42	40	137.6771058
43	40	129.2542462
44	40	121.1487854
45	40	114.3799708
46	40	109.4422261
47	40	105.0843093
48	40	101.2818163
49	40	98.19343949
50	40	95.70930853

0	41	199.9940491
1	41	199.9940491
2	41	199.9940491
3	41	199.9940491
4	41	199.9940491
5	41	199.9940491
6	41	199.9940491
7	41	199.9940491
8	41	199.9940491
9	41	199.9940491
10	41	199.9940491
11	41	199.9940491
12	41	199.9940491
13	41	199.9940491
14	41	199.9940491
15	41	199.9940491
16	41	199.9940491
17	41	199.9940491
18	41	199.9940491
19	41	199.9940491
20	41	199.9940491
21	41	199.9940491
22	41	199.9940491
23	41	199.9940491
24	41	199.9940491
25	41	199.9940491
26	41	199.9940491
27	41	199.9940491
28	41	199.9940491
29	41	199.9940491
30	41	199.9940491
31	41	199.9940491
32	41	199.9940491
33	41	199.9940491
34	41	199.9940491
35	41	199.9940491
36	41	199.9940491
37	41	193.512123
38	41	183.8929564
39	41	173.5963318
40	41	162.7992047
41	41	152.9786298
42	41	143.4937585
43	41	133.783068
44	41	124.6644038
45	41	117.309662
46	41	111.145107
47	41	106.2683969
48	41	101.8677573
49	41	98.63289352
50	41	97.50984048

0	42	199.9940491
1	42	199.9940491
2	42	199.9940491
3	42	199.9940491
4	42	199.9940491
5	42	199.9940491
6	42	199.9940491
7	42	199.9940491
8	42	199.9940491
9	42	199.9940491
10	42	199.9940491
11	42	199.9940491
12	42	199.9940491
13	42	199.9940491
14	42	199.9940491
15	42	199.9940491
16	42	199.9940491
17	42	199.9940491
18	42	199.9940491
19	42	199.9940491
20	42	199.9940491
21	42	199.9940491
22	42	199.9940491
23	42	199.9940491
24	42	199.9940491
25	42	199.9940491
26	42	199.9940491
27	42	199.9940491
28	42	199.9940491
29	42	199.9940491
30	42	199.9940491
31	42	199.9940491
32	42	199.9940491
33	42	199.9940491
34	42	199.9940491
35	42	199.9940491
36	42	199.9940491
37	42	199.9940491
38	42	199.9940491
39	42	190.7289188
40	42	174.5362743
41	42	163.0128255
42	42	152.9542187
43	42	143.5181696
44	42	134.3140738
45	42	125.6958981
46	42	119.018656
47	42	113.2935482
48	42	108.2093165
49	42	104.0955377
50	42	100.8972975

0	43	199.9940491
1	43	199.9940491
2	43	199.9940491
3	43	199.9940491
4	43	199.9940491
5	43	199.9940491
6	43	199.9940491
7	43	199.9940491
8	43	199.9940491
9	43	199.9940491
10	43	199.9940491
11	43	199.9940491
12	43	199.9940491
13	43	199.9940491
14	43	199.9940491
15	43	199.9940491
16	43	199.9940491
17	43	199.9940491
18	43	199.9940491
19	43	199.9940491
20	43	199.9940491
21	43	199.9940491
22	43	199.9940491
23	43	199.9940491
24	43	199.9940491
25	43	199.9940491
26	43	199.9940491
27	43	199.9940491
28	43	199.9940491
29	43	199.9940491
30	43	199.9940491
31	43	199.9940491
32	43	199.9940491
33	43	199.9940491
34	43	199.9940491
35	43	199.9940491
36	43	199.9940491
37	43	199.9940491
38	43	199.823158
39	43	190.0392205
40	43	179.2359733
41	43	169.5558
42	43	159.9671645
43	43	149.47521
44	43	139.3128529
45	43	130.4810565
46	43	122.6502511
47	43	115.5945686
48	43	109.6070248
49	43	105.1575493
50	43	103.3936339

0	44	199.9940491
1	44	199.9940491
2	44	199.9940491
3	44	199.9940491
4	44	199.9940491
5	44	199.9940491
6	44	199.9940491
7	44	199.9940491
8	44	199.9940491
9	44	199.9940491
10	44	199.9940491
11	44	199.9940491
12	44	199.9940491
13	44	199.9940491
14	44	199.9940491
15	44	199.9940491
16	44	199.9940491
17	44	199.9940491
18	44	199.9940491
19	44	199.9940491
20	44	199.9940491
21	44	199.9940491
22	44	199.9940491
23	44	199.9940491
24	44	199.9940491
25	44	199.9940491
26	44	199.9940491
27	44	199.9940491
28	44	199.9940491
29	44	199.9940491
30	44	199.9940491
31	44	199.9940491
32	44	199.9940491
33	44	199.9940491
34	44	199.9940491
35	44	199.9940491
36	44	199.9940491
37	44	199.9940491
38	44	199.9940491
39	44	199.9940491
40	44	199.9940491
41	44	183.3741631
42	44	170.4774377
43	44	159.9427535
44	44	149.4263879
45	44	139.7278959
46	44	131.4332115
47	44	123.7366737
48	44	117.0594177
49	44	111.5235265
50	44	106.7994027

0	45	199.9940491
1	45	199.9940491
2	45	199.9940491
3	45	199.9940491
4	45	199.9940491
5	45	199.9940491
6	45	199.9940491
7	45	199.9940491
8	45	199.9940491
9	45	199.9940491
10	45	199.9940491
11	45	199.9940491
12	45	199.9940491
13	45	199.9940491
14	45	199.9940491
15	45	199.9940491
16	45	199.9940491
17	45	199.9940491
18	45	199.9940491
19	45	199.9940491
20	45	199.9940491
21	45	199.9940491
22	45	199.9940491
23	45	199.9940491
24	45	199.9940491
25	45	199.9940491
26	45	199.9940491
27	45	199.9940491
28	45	199.9940491
29	45	199.9940491
30	45	199.9940491
31	45	199.9940491
32	45	199.9940491
33	45	199.9940491
34	45	199.9940491
35	45	199.9940491
36	45	199.9940491
37	45	199.9940491
38	45	199.9940491
39	45	199.9940491
40	45	193.7928845
41	45	184.3446229
42	45	174.9207862
43	45	164.5753256
44	45	153.8819489
45	45	144.4703385
46	45	135.5042606
47	45	126.7701222
48	45	118.7195758
49	45	112.7686416
50	45	110.1319244

0	46	199.9940491
1	46	199.9940491
2	46	199.9940491
3	46	199.9940491
4	46	199.9940491
5	46	199.9940491
6	46	199.9940491
7	46	199.9940491
8	46	199.9940491
9	46	199.9940491
10	46	199.9940491
11	46	199.9940491
12	46	199.9940491
13	46	199.9940491
14	46	199.9940491
15	46	199.9940491
16	46	199.9940491
17	46	199.9940491
18	46	199.9940491
19	46	199.9940491
20	46	199.9940491
21	46	199.9940491
22	46	199.9940491
23	46	199.9940491
24	46	199.9940491
25	46	199.9940491
26	46	199.9940491
27	46	199.9940491
28	46	199.9940491
29	46	199.9940491
30	46	199.9940491
31	46	199.9940491
32	46	199.9940491
33	46	199.9940491
34	46	199.9940491
35	46	199.9940491
36	46	199.9940491
37	46	199.9940491
38	46	199.9940491
39	46	199.9940491
40	46	199.9940491
41	46	199.9940491
42	46	193.4266636
43	46	177.0509156
44	46	164.5936443
45	46	154.1138883
46	46	144.7938158
47	46	136.1634416
48	46	127.5147488
49	46	120.2027367
50	46	114.5447626

0	47	199.9940491
1	47	199.9940491
2	47	199.9940491
3	47	199.9940491
4	47	199.9940491
5	47	199.9940491
6	47	199.9940491
7	47	199.9940491
8	47	199.9940491
9	47	199.9940491
10	47	199.9940491
11	47	199.9940491
12	47	199.9940491
13	47	199.9940491
14	47	199.9940491
15	47	199.9940491
16	47	199.9940491
17	47	199.9940491
18	47	199.9940491
19	47	199.9940491
20	47	199.9940491
21	47	199.9940491
22	47	199.9940491
23	47	199.9940491
24	47	199.9940491
25	47	199.9940491
26	47	199.9940491
27	47	199.9940491
28	47	199.9940491
29	47	199.9940491
30	47	199.9940491
31	47	199.9940491
32	47	199.9940491
33	47	199.9940491
34	47	199.9940491
35	47	199.9940491
36	47	199.9940491
37	47	199.9940491
38	47	199.9940491
39	47	199.9940491
40	47	199.9940491
41	47	199.8658739
42	47	190.9852693
43	47	180.9144501
44	47	170.3431562
45	47	160.7362021
46	47	151.1780978
47	47	141.388054
48	47	131.7383841
49	47	124.2249498
50	47	119.9891159

0	48	199.9940491
1	48	199.9940491
2	48	199.9940491
3	48	199.9940491
4	48	199.9940491
5	48	199.9940491
6	48	199.9940491
7	48	199.9940491
8	48	199.9940491
9	48	199.9940491
10	48	199.9940491
11	48	199.9940491
12	48	199.9940491
13	48	199.9940491
14	48	199.9940491
15	48	199.9940491
16	48	199.9940491
17	48	199.9940491
18	48	199.9940491
19	48	199.9940491
20	48	199.9940491
21	48	199.9940491
22	48	199.9940491
23	48	199.9940491
24	48	199.9940491
25	48	199.9940491
26	48	199.9940491
27	48	199.9940491
28	48	199.9940491
29	48	199.9940491
30	48	199.9940491
31	48	199.9940491
32	48	199.9940491
33	48	199.9940491
34	48	199.9940491
35	48	199.9940491
36	48	199.9940491
37	48	199.9940491
38	48	199.9940491
39	48	199.9940491
40	48	199.9940491
41	48	199.9940491
42	48	199.9940491
43	48	199.9940491
44	48	184.6925252
45	48	171.2464753
46	48	160.9376243
47	48	151.0132991
48	48	141.4246636
49	48	132.6844329
50	48	125.4395476

0	49	199.9940491
1	49	199.9940491
2	49	199.9940491
3	49	199.9940491
4	49	199.9940491
5	49	199.9940491
6	49	199.9940491
7	49	199.9940491
8	49	199.9940491
9	49	199.9940491
10	49	199.9940491
11	49	199.9940491
12	49	199.9940491
13	49	199.9940491
14	49	199.9940491
15	49	199.9940491
16	49	199.9940491
17	49	199.9940491
18	49	199.9940491
19	49	199.9940491
20	49	199.9940491
21	49	199.9940491
22	49	199.9940491
23	49	199.9940491
24	49	199.9940491
25	49	199.9940491
26	49	199.9940491
27	49	199.9940491
28	49	199.9940491
29	49	199.9940491
30	49	199.9940491
31	49	199.9940491
32	49	199.9940491
33	49	199.9940491
34	49	199.9940491
35	49	199.9940491
36	49	199.9940491
37	49	199.9940491
38	49	199.9940491
39	49	199.9940491
40	49	199.9940491
41	49	199.9940491
42	49	199.9940491
43	49	194.8365774
44	49	184.1676117
45	49	174.8841766
46	49	165.1368625
47	49	155.0904544
48	49	144.7938158
49	49	135.5286716
50	49	130.1880825

0	50	199.9940491
1	50	199.9940491
2	50	199.9940491
3	50	199.9940491
4	50	199.9940491
5	50	199.9940491
6	50	199.9940491
7	50	199.9940491
8	50	199.9940491
9	50	199.9940491
10	50	199.9940491
11	50	199.9940491
12	50	199.9940491
13	50	199.9940491
14	50	199.9940491
15	50	199.9940491
16	50	199.9940491
17	50	199.9940491
18	50	199.9940491
19	50	199.9940491
20	50	199.9940491
21	50	199.9940491
22	50	199.9940491
23	50	199.9940491
24	50	199.9940491
25	50	199.9940491
26	50	199.9940491
27	50	199.9940491
28	50	199.9940491
29	50	199.9940491
30	50	199.9940491
31	50	199.9940491
32	50	199.9940491
33	50	199.9940491
34	50	199.9940491
35	50	199.9940491
36	50	199.9940491
37	50	199.9940491
38	50	199.9940491
39	50	199.9940491
40	50	199.9940491
41	50	199.9940491
42	50	199.9940491
43	50	199.9940491
44	50	199.9940491
45	50	199.9940491
46	50	178.7538034
47	50	167.1143918
48	50	156.1585583
49	50	146.2403532
50	50	137.6771058
