0	0	0.77916414229249
1	0	0.7784024
2	0	0.77799546666667
3	0	0.77799546666667
4	0	0.78450593333333
5	0	0.77880933333333
6	0	0.77311266666667
7	0	0.77474026666667
8	0	0.77677466666667
9	0	0.78165753333333
10	0	0.77514713333333
11	0	0.776368
12	0	0.77555406666667
13	0	0.79427133333333
14	0	0.78654026666667
15	0	0.78206446666667
16	0	0.77921626666667
17	0	0.78328533333333
18	0	0.79223713333333
19	0	0.792644
20	0	0.7946784
21	0	0.7906094
22	0	0.79142326666667
23	0	0.79834046666667
24	0	0.79711973333333
25	0	0.79589906666667
26	0	0.7995612
27	0	0.8024094
28	0	0.80200266666667
29	0	0.7995612
30	0	0.8036302
31	0	0.80240953333333
32	0	0.8020026
33	0	0.7979336
34	0	0.79467833333333
35	0	0.79467846666667
36	0	0.80037513333333
37	0	0.79427153333333
38	0	0.79874733333333
39	0	0.800375
40	0	0.80200266666667
41	0	0.79752666666667
42	0	0.79956113333333
43	0	0.80363033333333
44	0	0.79711986666667
45	0	0.79589913333333
46	0	0.80891993333333
47	0	0.81095453333333
48	0	0.81420973333333
49	0	0.80851306666667
50	0	0.81217506666667
51	0	0.8133958
52	0	0.8146166
53	0	0.8125822
54	0	0.81176833333333
55	0	0.82316146666667
56	0	0.82072
57	0	0.81176826666667
58	0	0.8081062
59	0	0.80769933333333
60	0	0.8081062
61	0	0.80607166666667
62	0	0.8028164
63	0	0.80159566666667
64	0	0.79508526666667
65	0	0.80322326666667
66	0	0.79589906666667
67	0	0.7934578
68	0	0.79345786666667
69	0	0.78816813333333
70	0	0.7873544
71	0	0.78287833333333
72	0	0.7889818
73	0	0.78206446666667
74	0	0.7877612
75	0	0.784099
76	0	0.78043693333333
77	0	0.77555413333333
78	0	0.7755542
79	0	0.7755542
80	0	0.78531973333333
81	0	0.77596093333333
82	0	0.7751472
83	0	0.7792162
84	0	0.772299
85	0	0.76904366666667
86	0	0.76741606666667
87	0	0.76863686666667
88	0	0.7694506
89	0	0.7625334
90	0	0.76416093333333
91	0	0.76212633333333
92	0	0.76497473333333
93	0	0.76578846666667
94	0	0.76578853333333
95	0	0.7686368
96	0	0.767416
97	0	0.76090566666667
98	0	0.76863686666667
99	0	0.76822986666667
100	0	0.7569332687747
0	1	0.77214566314554
1	1	0.779623
2	1	0.77677486666667
3	1	0.7836922
4	1	0.78735426666667
5	1	0.78572653333333
6	1	0.78776106666667
7	1	0.78531973333333
8	1	0.7743334
9	1	0.78125073333333
10	1	0.78369206666667
11	1	0.78409906666667
12	1	0.78572666666667
13	1	0.77880933333333
14	1	0.77392646666667
15	1	0.78572666666667
16	1	0.78165766666667
17	1	0.79020253333333
18	1	0.792644
19	1	0.7889818
20	1	0.78613346666667
21	1	0.79264386666667
22	1	0.79589913333333
23	1	0.80118886666667
24	1	0.796713
25	1	0.79508533333333
26	1	0.78694726666667
27	1	0.79508526666667
28	1	0.79589913333333
29	1	0.796306
30	1	0.79630613333333
31	1	0.79101646666667
32	1	0.7975268
33	1	0.800375
34	1	0.79793353333333
35	1	0.79630606666667
36	1	0.80485093333333
37	1	0.79996806666667
38	1	0.80159573333333
39	1	0.80322333333333
40	1	0.80566466666667
41	1	0.80688553333333
42	1	0.80769933333333
43	1	0.81095453333333
44	1	0.81543033333333
45	1	0.80932686666667
46	1	0.81746486666667
47	1	0.81258206666667
48	1	0.81583733333333
49	1	0.81868553333333
50	1	0.82153373333333
51	1	0.8182786
52	1	0.82316153333333
53	1	0.8174648
54	1	0.81502346666667
55	1	0.8056648
56	1	0.80810626666667
57	1	0.81095453333333
58	1	0.81176826666667
59	1	0.80525786666667
60	1	0.80769926666667
61	1	0.7987474
62	1	0.7906094
63	1	0.79752666666667
64	1	0.79305086666667
65	1	0.7893888
66	1	0.79142333333333
67	1	0.79467853333333
68	1	0.7816576
69	1	0.78531966666667
70	1	0.7857266
71	1	0.78043686666667
72	1	0.77514713333333
73	1	0.775961
74	1	0.77555413333333
75	1	0.77921606666667
76	1	0.7784024
77	1	0.77433346666667
78	1	0.78003
79	1	0.77433353333333
80	1	0.77596113333333
81	1	0.7661954
82	1	0.76741613333333
83	1	0.76700926666667
84	1	0.76700926666667
85	1	0.76578853333333
86	1	0.76456766666667
87	1	0.76782293333333
88	1	0.76212646666667
89	1	0.76782313333333
90	1	0.7621264
91	1	0.76294026666667
92	1	0.7702644
93	1	0.7702644
94	1	0.76945066666667
95	1	0.768637
96	1	0.76904373333333
97	1	0.76334706666667
98	1	0.77026453333333
99	1	0.76823
100	1	0.76940204225352
0	2	0.75250964319249
1	2	0.7775886
2	2	0.77067133333333
3	2	0.7779956
4	2	0.77596106666667
5	2	0.77840253333333
6	2	0.78206466666667
7	2	0.77148506666667
8	2	0.76863686666667
9	2	0.77433346666667
10	2	0.775961
11	2	0.7771818
12	2	0.77596086666667
13	2	0.7763678
14	2	0.78694733333333
15	2	0.78531966666667
16	2	0.7812506
17	2	0.7845058
18	2	0.78694726666667
19	2	0.79305073333333
20	2	0.7893888
21	2	0.78898186666667
22	2	0.78735426666667
23	2	0.800375
24	2	0.79711986666667
25	2	0.7991544
26	2	0.80444406666667
27	2	0.79956133333333
28	2	0.80159573333333
29	2	0.8052578
30	2	0.80607173333333
31	2	0.80200266666667
32	2	0.80566473333333
33	2	0.80729233333333
34	2	0.80525786666667
35	2	0.808513
36	2	0.79874753333333
37	2	0.80607166666667
38	2	0.8032234
39	2	0.80607166666667
40	2	0.81054753333333
41	2	0.804444
42	2	0.81014073333333
43	2	0.81909233333333
44	2	0.82397526666667
45	2	0.8158372
46	2	0.8105476
47	2	0.8178718
48	2	0.81624406666667
49	2	0.82519586666667
50	2	0.8337408
51	2	0.82072006666667
52	2	0.82356833333333
53	2	0.82967193333333
54	2	0.83007886666667
55	2	0.82804433333333
56	2	0.83129946666667
57	2	0.8272304
58	2	0.82438226666667
59	2	0.82234773333333
60	2	0.81420966666667
61	2	0.80769926666667
62	2	0.80200266666667
63	2	0.7938646
64	2	0.800375
65	2	0.79793366666667
66	2	0.792644
67	2	0.79264386666667
68	2	0.7930508
69	2	0.7877612
70	2	0.788168
71	2	0.78857486666667
72	2	0.79305086666667
73	2	0.78287846666667
74	2	0.7739266
75	2	0.77596106666667
76	2	0.77392653333333
77	2	0.77392646666667
78	2	0.7727058
79	2	0.7735196
80	2	0.78938873333333
81	2	0.77718166666667
82	2	0.76456786666667
83	2	0.76741613333333
84	2	0.77311273333333
85	2	0.77067133333333
86	2	0.75805733333333
87	2	0.7621264
88	2	0.767823
89	2	0.76619546666667
90	2	0.76375393333333
91	2	0.75927806666667
92	2	0.76131266666667
93	2	0.7543952
94	2	0.75927806666667
95	2	0.75683673333333
96	2	0.7576506
97	2	0.76131253333333
98	2	0.75968493333333
99	2	0.76009186666667
100	2	0.75465175938967
0	3	0.74414229225352
1	3	0.77270586666667
2	3	0.77026446666667
3	3	0.760092
4	3	0.76375406666667
5	3	0.77189186666667
6	3	0.76904366666667
7	3	0.76904373333333
8	3	0.76741613333333
9	3	0.76578853333333
10	3	0.76456786666667
11	3	0.76822993333333
12	3	0.76904373333333
13	3	0.7722988
14	3	0.77392646666667
15	3	0.7751472
16	3	0.77148506666667
17	3	0.78735426666667
18	3	0.78898186666667
19	3	0.7816576
20	3	0.78816806666667
21	3	0.79508533333333
22	3	0.79752673333333
23	3	0.79996813333333
24	3	0.79183013333333
25	3	0.796713
26	3	0.80810613333333
27	3	0.80159573333333
28	3	0.7979336
29	3	0.81054753333333
30	3	0.80851306666667
31	3	0.80647853333333
32	3	0.8093268
33	3	0.80851313333333
34	3	0.80240966666667
35	3	0.80037513333333
36	3	0.8036304
37	3	0.80322346666667
38	3	0.8032234
39	3	0.80566473333333
40	3	0.80891993333333
41	3	0.80607166666667
42	3	0.80322333333333
43	3	0.8101406
44	3	0.8154304
45	3	0.8138028
46	3	0.81543033333333
47	3	0.81502346666667
48	3	0.81787173333333
49	3	0.82519593333333
50	3	0.8256028
51	3	0.833334
52	3	0.824789
53	3	0.828858
54	3	0.83496146666667
55	3	0.82763733333333
56	3	0.82112693333333
57	3	0.8178718
58	3	0.81339593333333
59	3	0.8105476
60	3	0.81583726666667
61	3	0.8097338
62	3	0.80363033333333
63	3	0.79996813333333
64	3	0.8024096
65	3	0.79223706666667
66	3	0.79345773333333
67	3	0.7853198
68	3	0.7808438
69	3	0.7779954
70	3	0.77474026666667
71	3	0.7706714
72	3	0.77189213333333
73	3	0.7694508
74	3	0.7706714
75	3	0.76782306666667
76	3	0.76822993333333
77	3	0.77067126666667
78	3	0.76131246666667
79	3	0.76538146666667
80	3	0.76985746666667
81	3	0.77148513333333
82	3	0.7686368
83	3	0.76375393333333
84	3	0.76090553333333
85	3	0.75968486666667
86	3	0.7621264
87	3	0.75724373333333
88	3	0.75642986666667
89	3	0.76171953333333
90	3	0.76822993333333
91	3	0.76171933333333
92	3	0.7584642
93	3	0.75968506666667
94	3	0.75398846666667
95	3	0.75032626666667
96	3	0.751547
97	3	0.75317466666667
98	3	0.7609058
99	3	0.74910566666667
100	3	0.76307650234742
0	4	0.73818911502347
1	4	0.75927813333333
2	4	0.77067133333333
3	4	0.7731128
4	4	0.77067126666667
5	4	0.771892
6	4	0.77067126666667
7	4	0.76253333333333
8	4	0.7710784
9	4	0.7718922
10	4	0.77189206666667
11	4	0.7735196
12	4	0.7751472
13	4	0.7706714
14	4	0.7771818
15	4	0.77311266666667
16	4	0.7857266
17	4	0.78776113333333
18	4	0.78450593333333
19	4	0.78409906666667
20	4	0.78816806666667
21	4	0.79752673333333
22	4	0.79183013333333
23	4	0.79305086666667
24	4	0.7975266
25	4	0.80485086666667
26	4	0.81217513333333
27	4	0.8121752
28	4	0.8109544
29	4	0.8052578
30	4	0.81298886666667
31	4	0.81990633333333
32	4	0.8154304
33	4	0.81624413333333
34	4	0.81868553333333
35	4	0.821127
36	4	0.80810613333333
37	4	0.81095433333333
38	4	0.81217506666667
39	4	0.81705786666667
40	4	0.8097338
41	4	0.80729233333333
42	4	0.81543033333333
43	4	0.8219406
44	4	0.82641666666667
45	4	0.82356846666667
46	4	0.82641673333333
47	4	0.8227546
48	4	0.8325202
49	4	0.8361822
50	4	0.84350646666667
51	4	0.84350646666667
52	4	0.8426926
53	4	0.84513406666667
54	4	0.84187893333333
55	4	0.84025133333333
56	4	0.84106513333333
57	4	0.83048553333333
58	4	0.8304856
59	4	0.82641673333333
60	4	0.81461646666667
61	4	0.8150234
62	4	0.81583733333333
63	4	0.80566486666667
64	4	0.80566466666667
65	4	0.79264386666667
66	4	0.7950854
67	4	0.78654046666667
68	4	0.7902026
69	4	0.78572666666667
70	4	0.78654053333333
71	4	0.78450593333333
72	4	0.77311266666667
73	4	0.77636786666667
74	4	0.77067133333333
75	4	0.77433346666667
76	4	0.7779956
77	4	0.75968506666667
78	4	0.7613126
79	4	0.767823
80	4	0.75724346666667
81	4	0.75398826666667
82	4	0.75358133333333
83	4	0.76456773333333
84	4	0.759278
85	4	0.75561593333333
86	4	0.75398833333333
87	4	0.759278
88	4	0.76212653333333
89	4	0.7580574
90	4	0.75724353333333
91	4	0.7527676
92	4	0.7486986
93	4	0.75927813333333
94	4	0.75480213333333
95	4	0.75439526666667
96	4	0.75642973333333
97	4	0.75846433333333
98	4	0.760092
99	4	0.75683666666667
100	4	0.76241734976526
0	5	0.75490226056338
1	5	0.75765046666667
2	5	0.76090566666667
3	5	0.7617194
4	5	0.75642986666667
5	5	0.767823
6	5	0.76294026666667
7	5	0.7674162
8	5	0.77026453333333
9	5	0.76985766666667
10	5	0.77270586666667
11	5	0.78002993333333
12	5	0.7751472
13	5	0.77962313333333
14	5	0.78654046666667
15	5	0.77392653333333
16	5	0.78531973333333
17	5	0.79427153333333
18	5	0.7902026
19	5	0.79264386666667
20	5	0.79874746666667
21	5	0.8024096
22	5	0.8101406
23	5	0.81583726666667
24	5	0.81746493333333
25	5	0.81868546666667
26	5	0.82682346666667
27	5	0.83007873333333
28	5	0.8312994
29	5	0.82194066666667
30	5	0.8223476
31	5	0.83821673333333
32	5	0.82723046666667
33	5	0.8243822
34	5	0.8227546
35	5	0.81095446666667
36	5	0.8097338
37	5	0.8056648
38	5	0.80607173333333
39	5	0.80566473333333
40	5	0.80525786666667
41	5	0.80688553333333
42	5	0.8056648
43	5	0.80769926666667
44	5	0.81502353333333
45	5	0.81420973333333
46	5	0.81583726666667
47	5	0.8280442
48	5	0.82967186666667
49	5	0.83170633333333
50	5	0.83333393333333
51	5	0.833334
52	5	0.8325202
53	5	0.83211333333333
54	5	0.83699613333333
55	5	0.83211326666667
56	5	0.8341478
57	5	0.82845106666667
58	5	0.8325202
59	5	0.82600986666667
60	5	0.82478906666667
61	5	0.80851313333333
62	5	0.80729233333333
63	5	0.80159573333333
64	5	0.79589926666667
65	5	0.79711986666667
66	5	0.79264386666667
67	5	0.784099
68	5	0.77962313333333
69	5	0.78003
70	5	0.78247146666667
71	5	0.76904373333333
72	5	0.7727058
73	5	0.7735196
74	5	0.77229886666667
75	5	0.7686368
76	5	0.76131246666667
77	5	0.7572436
78	5	0.7564298
79	5	0.75724353333333
80	5	0.75724346666667
81	5	0.76416086666667
82	5	0.75317453333333
83	5	0.74747793333333
84	5	0.75602293333333
85	5	0.7625334
86	5	0.76009186666667
87	5	0.7531746
88	5	0.75236086666667
89	5	0.76049866666667
90	5	0.771892
91	5	0.76049866666667
92	5	0.7588712
93	5	0.7657886
94	5	0.7560228
95	5	0.74666413333333
96	5	0.76009186666667
97	5	0.7539884
98	5	0.74666406666667
99	5	0.73567753333333
100	5	0.74311796830986
0	6	0.75995986737089
1	6	0.75480206666667
2	6	0.7625334
3	6	0.76009193333333
4	6	0.7527676
5	6	0.75520906666667
6	6	0.74747786666667
7	6	0.75927806666667
8	6	0.75683666666667
9	6	0.75683666666667
10	6	0.76456786666667
11	6	0.77026453333333
12	6	0.76334706666667
13	6	0.7657884
14	6	0.77148506666667
15	6	0.77392646666667
16	6	0.78247133333333
17	6	0.77840253333333
18	6	0.78043693333333
19	6	0.78409906666667
20	6	0.788168
21	6	0.792644
22	6	0.80363026666667
23	6	0.80607153333333
24	6	0.81543033333333
25	6	0.82763733333333
26	6	0.8235682
27	6	0.828858
28	6	0.83374086666667
29	6	0.83211326666667
30	6	0.83252013333333
31	6	0.8398444
32	6	0.84757533333333
33	6	0.83740293333333
34	6	0.83007873333333
35	6	0.82072006666667
36	6	0.82072013333333
37	6	0.81258206666667
38	6	0.80891993333333
39	6	0.80891993333333
40	6	0.80688553333333
41	6	0.80892006666667
42	6	0.80566466666667
43	6	0.81014053333333
44	6	0.8113614
45	6	0.80973373333333
46	6	0.81746486666667
47	6	0.83007873333333
48	6	0.83333393333333
49	6	0.83780993333333
50	6	0.8312994
51	6	0.83496146666667
52	6	0.8398444
53	6	0.841472
54	6	0.8443202
55	6	0.84228573333333
56	6	0.84472713333333
57	6	0.8390306
58	6	0.83333393333333
59	6	0.82112693333333
60	6	0.82234766666667
61	6	0.81095446666667
62	6	0.80647866666667
63	6	0.79508546666667
64	6	0.80118893333333
65	6	0.80037506666667
66	6	0.7971198
67	6	0.7877612
68	6	0.7910164
69	6	0.78613346666667
70	6	0.78043693333333
71	6	0.78531973333333
72	6	0.78613353333333
73	6	0.76985753333333
74	6	0.76538166666667
75	6	0.76619546666667
76	6	0.7629402
77	6	0.75520906666667
78	6	0.7519538
79	6	0.75520906666667
80	6	0.75561593333333
81	6	0.75927806666667
82	6	0.75154693333333
83	6	0.7535814
84	6	0.74381573333333
85	6	0.75073306666667
86	6	0.74666406666667
87	6	0.74788486666667
88	6	0.7425952
89	6	0.74707113333333
90	6	0.74829173333333
91	6	0.75154673333333
92	6	0.7568366
93	6	0.7495124
94	6	0.7543952
95	6	0.7617194
96	6	0.75317453333333
97	6	0.75765046666667
98	6	0.74422273333333
99	6	0.73852613333333
100	6	0.75212287558685
0	7	0.76066909624413
1	7	0.75724366666667
2	7	0.76578853333333
3	7	0.7645678
4	7	0.76497466666667
5	7	0.77433353333333
6	7	0.76334713333333
7	7	0.77067133333333
8	7	0.76985746666667
9	7	0.77636793333333
10	7	0.77229893333333
11	7	0.76904373333333
12	7	0.77067133333333
13	7	0.7633472
14	7	0.76497466666667
15	7	0.77148513333333
16	7	0.77799553333333
17	7	0.7784024
18	7	0.78043693333333
19	7	0.79549226666667
20	7	0.79183013333333
21	7	0.79508526666667
22	7	0.8097338
23	7	0.8260098
24	7	0.81746473333333
25	7	0.824789
26	7	0.84065813333333
27	7	0.83862366666667
28	7	0.8345546
29	7	0.8443202
30	7	0.8475754
31	7	0.84635473333333
32	7	0.84269266666667
33	7	0.8300788
34	7	0.82234766666667
35	7	0.82682346666667
36	7	0.8199062
37	7	0.808513
38	7	0.81217513333333
39	7	0.80647853333333
40	7	0.80973366666667
41	7	0.80485086666667
42	7	0.81420966666667
43	7	0.81054746666667
44	7	0.80769926666667
45	7	0.81949946666667
46	7	0.82519606666667
47	7	0.81502346666667
48	7	0.825196
49	7	0.833334
50	7	0.82885806666667
51	7	0.82519593333333
52	7	0.82885793333333
53	7	0.824382
54	7	0.81909233333333
55	7	0.82072
56	7	0.82560293333333
57	7	0.8203132
58	7	0.8109544
59	7	0.80769933333333
60	7	0.8040372
61	7	0.7930508
62	7	0.78531973333333
63	7	0.78572673333333
64	7	0.78328533333333
65	7	0.78165766666667
66	7	0.7808438
67	7	0.77067126666667
68	7	0.7690436
69	7	0.77107806666667
70	7	0.77229886666667
71	7	0.7727058
72	7	0.77474033333333
73	7	0.76171933333333
74	7	0.75236073333333
75	7	0.75358153333333
76	7	0.74991926666667
77	7	0.7527678
78	7	0.7584644
79	7	0.74951233333333
80	7	0.7491056
81	7	0.7450364
82	7	0.747478
83	7	0.74747806666667
84	7	0.7491056
85	7	0.747071
86	7	0.74422273333333
87	7	0.74503653333333
88	7	0.7531746
89	7	0.73933993333333
90	7	0.7417812
91	7	0.75642973333333
92	7	0.7491054
93	7	0.74422266666667
94	7	0.7482918
95	7	0.75602286666667
96	7	0.7535814
97	7	0.7478848
98	7	0.7474778
99	7	0.73974666666667
100	7	0.74565390492958
0	8	0.7503676185446
1	8	0.746664
2	8	0.75154686666667
3	8	0.75073313333333
4	8	0.7491056
5	8	0.74951253333333
6	8	0.73811913333333
7	8	0.75276766666667
8	8	0.7486986
9	8	0.7409674
10	8	0.75602293333333
11	8	0.76497466666667
12	8	0.755616
13	8	0.76131266666667
14	8	0.7670092
15	8	0.763754
16	8	0.76416093333333
17	8	0.77392653333333
18	8	0.784099
19	8	0.78857486666667
20	8	0.79549226666667
21	8	0.80200266666667
22	8	0.81420966666667
23	8	0.8138028
24	8	0.8121752
25	8	0.82478913333333
26	8	0.83577533333333
27	8	0.83455466666667
28	8	0.84269266666667
29	8	0.84920306666667
30	8	0.84106506666667
31	8	0.8398444
32	8	0.84228586666667
33	8	0.8365892
34	8	0.82885806666667
35	8	0.81990626666667
36	8	0.80892
37	8	0.81380273333333
38	8	0.8154304
39	8	0.80485086666667
40	8	0.79996806666667
41	8	0.80240946666667
42	8	0.80200253333333
43	8	0.80363006666667
44	8	0.79427146666667
45	8	0.8076992
46	8	0.80810606666667
47	8	0.81095433333333
48	8	0.81339573333333
49	8	0.81543033333333
50	8	0.825196
51	8	0.81827866666667
52	8	0.817058
53	8	0.82194073333333
54	8	0.83048553333333
55	8	0.8272304
56	8	0.82682346666667
57	8	0.8101406
58	8	0.80769933333333
59	8	0.80891993333333
60	8	0.80973366666667
61	8	0.80525766666667
62	8	0.79915426666667
63	8	0.79223713333333
64	8	0.7869474
65	8	0.78409906666667
66	8	0.77718166666667
67	8	0.77433326666667
68	8	0.7751472
69	8	0.76945066666667
70	8	0.77433353333333
71	8	0.77840246666667
72	8	0.7686368
73	8	0.76334706666667
74	8	0.77189193333333
75	8	0.7604988
76	8	0.75236073333333
77	8	0.75724346666667
78	8	0.76212633333333
79	8	0.76253326666667
80	8	0.7572436
81	8	0.75236073333333
82	8	0.7609056
83	8	0.75602286666667
84	8	0.7564298
85	8	0.75602293333333
86	8	0.755209
87	8	0.75317446666667
88	8	0.75968493333333
89	8	0.74991933333333
90	8	0.74788473333333
91	8	0.74422266666667
92	8	0.734457
93	8	0.73201553333333
94	8	0.74544333333333
95	8	0.7409674
96	8	0.74178113333333
97	8	0.74218806666667
98	8	0.73405
99	8	0.73771213333333
100	8	0.74713683098592
0	9	0.75995297535211
1	9	0.75480213333333
2	9	0.7507332
3	9	0.74585026666667
4	9	0.75520906666667
5	9	0.75805746666667
6	9	0.7519538
7	9	0.7572436
8	9	0.75846426666667
9	9	0.76253313333333
10	9	0.76334713333333
11	9	0.76660226666667
12	9	0.76660226666667
13	9	0.7670092
14	9	0.77596093333333
15	9	0.78125073333333
16	9	0.78165773333333
17	9	0.7828784
18	9	0.79630606666667
19	9	0.79630606666667
20	9	0.80078193333333
21	9	0.80688546666667
22	9	0.81583726666667
23	9	0.82031306666667
24	9	0.82519593333333
25	9	0.82519586666667
26	9	0.82926493333333
27	9	0.83129953333333
28	9	0.83048553333333
29	9	0.83536846666667
30	9	0.83903066666667
31	9	0.83658913333333
32	9	0.83129933333333
33	9	0.83089253333333
34	9	0.82804426666667
35	9	0.81827866666667
36	9	0.81665106666667
37	9	0.80769913333333
38	9	0.80240953333333
39	9	0.80281646666667
40	9	0.80892
41	9	0.80281646666667
42	9	0.80240946666667
43	9	0.80037493333333
44	9	0.7942716
45	9	0.78979566666667
46	9	0.79508533333333
47	9	0.80485093333333
48	9	0.80932673333333
49	9	0.80566473333333
50	9	0.81136133333333
51	9	0.81705786666667
52	9	0.80322326666667
53	9	0.8040372
54	9	0.80403713333333
55	9	0.80159573333333
56	9	0.80118893333333
57	9	0.79915446666667
58	9	0.7958992
59	9	0.7950854
60	9	0.79264393333333
61	9	0.78694733333333
62	9	0.775961
63	9	0.7702644
64	9	0.77026453333333
65	9	0.76904373333333
66	9	0.76090573333333
67	9	0.76660233333333
68	9	0.76171953333333
69	9	0.75683673333333
70	9	0.7600918
71	9	0.7609056
72	9	0.75724353333333
73	9	0.75968506666667
74	9	0.7592782
75	9	0.7519538
76	9	0.747071
77	9	0.73730533333333
78	9	0.742595
79	9	0.74056046666667
80	9	0.73567766666667
81	9	0.74178133333333
82	9	0.74747786666667
83	9	0.75154686666667
84	9	0.75317453333333
85	9	0.75236073333333
86	9	0.74788466666667
87	9	0.7499194
88	9	0.7413744
89	9	0.7393398
90	9	0.74218813333333
91	9	0.73527073333333
92	9	0.73120186666667
93	9	0.73405006666667
94	9	0.73771233333333
95	9	0.73933993333333
96	9	0.74178126666667
97	9	0.74585026666667
98	9	0.73527073333333
99	9	0.73567766666667
100	9	0.74994518075117
0	10	0.74523139788732
1	10	0.74462966666667
2	10	0.74056053333333
3	10	0.738526
4	10	0.74381573333333
5	10	0.7458502
6	10	0.742595
7	10	0.74178133333333
8	10	0.75154686666667
9	10	0.75154686666667
10	10	0.74422273333333
11	10	0.74869866666667
12	10	0.7548022
13	10	0.75765046666667
14	10	0.7588712
15	10	0.75398826666667
16	10	0.7661954
17	10	0.77148513333333
18	10	0.7853198
19	10	0.7873542
20	10	0.78409906666667
21	10	0.796713
22	10	0.8032234
23	10	0.8036302
24	10	0.80769926666667
25	10	0.81380273333333
26	10	0.82153386666667
27	10	0.82478906666667
28	10	0.8304856
29	10	0.83618233333333
30	10	0.83658913333333
31	10	0.83089253333333
32	10	0.829265
33	10	0.82600973333333
34	10	0.81827846666667
35	10	0.812582
36	10	0.80891986666667
37	10	0.80485086666667
38	10	0.7971198
39	10	0.79264393333333
40	10	0.79345786666667
41	10	0.78694733333333
42	10	0.78898186666667
43	10	0.78450593333333
44	10	0.7914234
45	10	0.7902026
46	10	0.78979566666667
47	10	0.78816806666667
48	10	0.79467853333333
49	10	0.80078193333333
50	10	0.79711986666667
51	10	0.80607166666667
52	10	0.80200266666667
53	10	0.79142313333333
54	10	0.79101633333333
55	10	0.7983406
56	10	0.7893888
57	10	0.784099
58	10	0.7934578
59	10	0.79711986666667
60	10	0.79345773333333
61	10	0.78328533333333
62	10	0.77718173333333
63	10	0.77758866666667
64	10	0.77758866666667
65	10	0.7792162
66	10	0.78084386666667
67	10	0.77067133333333
68	10	0.76904373333333
69	10	0.76131266666667
70	10	0.76131266666667
71	10	0.75195386666667
72	10	0.7527676
73	10	0.7572434
74	10	0.7503262
75	10	0.75927813333333
76	10	0.75765053333333
77	10	0.75887113333333
78	10	0.75032613333333
79	10	0.74462966666667
80	10	0.7462572
81	10	0.74300186666667
82	10	0.74585026666667
83	10	0.743002
84	10	0.74259513333333
85	10	0.74422273333333
86	10	0.73649146666667
87	10	0.73893306666667
88	10	0.73405006666667
89	10	0.73405013333333
90	10	0.73893286666667
91	10	0.73404993333333
92	10	0.7434088
93	10	0.74422266666667
94	10	0.7368984
95	10	0.7377122
96	10	0.7332362
97	10	0.73527073333333
98	10	0.7336432
99	10	0.7377122
100	10	0.7454605
0	11	0.74106922300469
1	11	0.73974666666667
2	11	0.73730533333333
3	11	0.7360846
4	11	0.74015353333333
5	11	0.742188
6	11	0.74422253333333
7	11	0.75114
8	11	0.75154686666667
9	11	0.75113986666667
10	11	0.7580572
11	11	0.7548022
12	11	0.76538173333333
13	11	0.7621264
14	11	0.75439533333333
15	11	0.76294033333333
16	11	0.767823
17	11	0.76782293333333
18	11	0.77067126666667
19	11	0.78369206666667
20	11	0.7832852
21	11	0.78328526666667
22	11	0.78694733333333
23	11	0.7946784
24	11	0.8056648
25	11	0.8020026
26	11	0.81136133333333
27	11	0.81298893333333
28	11	0.80037493333333
29	11	0.80444393333333
30	11	0.8028164
31	11	0.80363026666667
32	11	0.78979553333333
33	11	0.79264393333333
34	11	0.79793366666667
35	11	0.78450593333333
36	11	0.77718166666667
37	11	0.76660226666667
38	11	0.77392653333333
39	11	0.76904366666667
40	11	0.7710782
41	11	0.775554
42	11	0.77229893333333
43	11	0.771892
44	11	0.78369206666667
45	11	0.7808438
46	11	0.78409893333333
47	11	0.78206453333333
48	11	0.7853198
49	11	0.7877612
50	11	0.7816576
51	11	0.78206453333333
52	11	0.79142333333333
53	11	0.78735433333333
54	11	0.77677493333333
55	11	0.77148513333333
56	11	0.77555406666667
57	11	0.7779956
58	11	0.77107826666667
59	11	0.77880926666667
60	11	0.7735196
61	11	0.77026433333333
62	11	0.76049866666667
63	11	0.76212633333333
64	11	0.77392646666667
65	11	0.7556158
66	11	0.75887113333333
67	11	0.7535814
68	11	0.7499194
69	11	0.74666406666667
70	11	0.74829166666667
71	11	0.74178126666667
72	11	0.75154686666667
73	11	0.74910553333333
74	11	0.7413744
75	11	0.74585033333333
76	11	0.738526
77	11	0.7442228
78	11	0.743002
79	11	0.74259493333333
80	11	0.74707086666667
81	11	0.74625706666667
82	11	0.7377122
83	11	0.73364326666667
84	11	0.7307948
85	11	0.73079466666667
86	11	0.7271326
87	11	0.7360846
88	11	0.74218826666667
89	11	0.74056046666667
90	11	0.7287602
91	11	0.73364313333333
92	11	0.7373052
93	11	0.72753946666667
94	11	0.73445693333333
95	11	0.72835333333333
96	11	0.7250982
97	11	0.7352708
98	11	0.73201553333333
99	11	0.73160866666667
100	11	0.74422120070422
0	12	0.73505879812207
1	12	0.73608453333333
2	12	0.72672573333333
3	12	0.73282926666667
4	12	0.7401536
5	12	0.7446296
6	12	0.74422273333333
7	12	0.7454434
8	12	0.74056046666667
9	12	0.74137433333333
10	12	0.75114
11	12	0.75561593333333
12	12	0.7491054
13	12	0.7478848
14	12	0.75195393333333
15	12	0.7507332
16	12	0.75073306666667
17	12	0.75805733333333
18	12	0.76416086666667
19	12	0.76619546666667
20	12	0.76334713333333
21	12	0.76782293333333
22	12	0.77677473333333
23	12	0.7731128
24	12	0.776368
25	12	0.77718166666667
26	12	0.78450586666667
27	12	0.78613353333333
28	12	0.79386466666667
29	12	0.79020253333333
30	12	0.77962306666667
31	12	0.78816813333333
32	12	0.7934578
33	12	0.79101633333333
34	12	0.7861336
35	12	0.77718166666667
36	12	0.77392646666667
37	12	0.771892
38	12	0.77840246666667
39	12	0.77392653333333
40	12	0.77596106666667
41	12	0.7731128
42	12	0.76823
43	12	0.76945073333333
44	12	0.77026453333333
45	12	0.7735196
46	12	0.76741606666667
47	12	0.767416
48	12	0.7727058
49	12	0.76782286666667
50	12	0.76456773333333
51	12	0.76334706666667
52	12	0.7661954
53	12	0.7767748
54	12	0.77636793333333
55	12	0.77351966666667
56	12	0.76863686666667
57	12	0.7657886
58	12	0.76334713333333
59	12	0.76497473333333
60	12	0.76497473333333
61	12	0.76131253333333
62	12	0.7576504
63	12	0.76212633333333
64	12	0.76009186666667
65	12	0.7548022
66	12	0.75113993333333
67	12	0.755616
68	12	0.75480226666667
69	12	0.74707106666667
70	12	0.74747793333333
71	12	0.75154686666667
72	12	0.7633472
73	12	0.75724353333333
74	12	0.75520913333333
75	12	0.74585026666667
76	12	0.74096746666667
77	12	0.75195373333333
78	12	0.7393398
79	12	0.75358146666667
80	12	0.75073313333333
81	12	0.74462953333333
82	12	0.74340866666667
83	12	0.74015346666667
84	12	0.7405604
85	12	0.7417812
86	12	0.73771213333333
87	12	0.7397466
88	12	0.7474778
89	12	0.7373052
90	12	0.73974666666667
91	12	0.73852593333333
92	12	0.73364313333333
93	12	0.7373052
94	12	0.73486373333333
95	12	0.74137426666667
96	12	0.73689833333333
97	12	0.72591186666667
98	12	0.73364313333333
99	12	0.73486386666667
100	12	0.74064633568075
0	13	0.73569631220657
1	13	0.74178133333333
2	13	0.7303878
3	13	0.73201546666667
4	13	0.7401536
5	13	0.74015366666667
6	13	0.73405006666667
7	13	0.74137426666667
8	13	0.74381573333333
9	13	0.74015366666667
10	13	0.74015366666667
11	13	0.73730533333333
12	13	0.74096753333333
13	13	0.7458504
14	13	0.7478848
15	13	0.7450364
16	13	0.74788486666667
17	13	0.74869866666667
18	13	0.7527676
19	13	0.7543954
20	13	0.75276773333333
21	13	0.76131253333333
22	13	0.76334706666667
23	13	0.76660226666667
24	13	0.76700926666667
25	13	0.77189213333333
26	13	0.77107826666667
27	13	0.77596106666667
28	13	0.7739266
29	13	0.771892
30	13	0.77596106666667
31	13	0.7710782
32	13	0.76619546666667
33	13	0.76822986666667
34	13	0.76253326666667
35	13	0.76945053333333
36	13	0.76171953333333
37	13	0.75561593333333
38	13	0.75398826666667
39	13	0.7584642
40	13	0.7629402
41	13	0.76660226666667
42	13	0.76131266666667
43	13	0.75480226666667
44	13	0.76456773333333
45	13	0.76294006666667
46	13	0.76619533333333
47	13	0.7645678
48	13	0.76700926666667
49	13	0.76985746666667
50	13	0.7617194
51	13	0.74991933333333
52	13	0.75642966666667
53	13	0.7621264
54	13	0.7535814
55	13	0.75317433333333
56	13	0.7657884
57	13	0.76212633333333
58	13	0.7584642
59	13	0.75887113333333
60	13	0.75602286666667
61	13	0.75520906666667
62	13	0.759685
63	13	0.7572436
64	13	0.7539884
65	13	0.7478848
66	13	0.7442226
67	13	0.74503653333333
68	13	0.74910553333333
69	13	0.74747786666667
70	13	0.74462953333333
71	13	0.75032606666667
72	13	0.74300186666667
73	13	0.74422266666667
74	13	0.75073313333333
75	13	0.743002
76	13	0.7474778
77	13	0.73933966666667
78	13	0.73689826666667
79	13	0.73486373333333
80	13	0.73649133333333
81	13	0.73527073333333
82	13	0.7373052
83	13	0.74218806666667
84	13	0.73486386666667
85	13	0.72306353333333
86	13	0.73282933333333
87	13	0.73567766666667
88	13	0.73567773333333
89	13	0.72794653333333
90	13	0.73160873333333
91	13	0.72713273333333
92	13	0.73445693333333
93	13	0.74137446666667
94	13	0.73811906666667
95	13	0.7360846
96	13	0.73649146666667
97	13	0.72753953333333
98	13	0.73405013333333
99	13	0.7340502
100	13	0.75354124530516
0	14	0.74303921361502
1	14	0.73567773333333
2	14	0.7356778
3	14	0.74015366666667
4	14	0.7377122
5	14	0.7348638
6	14	0.74585026666667
7	14	0.73852593333333
8	14	0.74869853333333
9	14	0.7417812
10	14	0.73364313333333
11	14	0.73405006666667
12	14	0.73201553333333
13	14	0.73120173333333
14	14	0.73567753333333
15	14	0.74503626666667
16	14	0.7446294
17	14	0.73974666666667
18	14	0.74096726666667
19	14	0.74259506666667
20	14	0.7495124
21	14	0.75195373333333
22	14	0.75236066666667
23	14	0.75642966666667
24	14	0.76253313333333
25	14	0.754395
26	14	0.7523606
27	14	0.76416086666667
28	14	0.76131253333333
29	14	0.76619533333333
30	14	0.76578846666667
31	14	0.75358133333333
32	14	0.75480213333333
33	14	0.76090566666667
34	14	0.75602306666667
35	14	0.74829173333333
36	14	0.75602273333333
37	14	0.7617194
38	14	0.7604988
39	14	0.76456773333333
40	14	0.7568366
41	14	0.75480206666667
42	14	0.75317453333333
43	14	0.74829166666667
44	14	0.74747786666667
45	14	0.73974666666667
46	14	0.74381566666667
47	14	0.74300186666667
48	14	0.74869853333333
49	14	0.75439506666667
50	14	0.75358146666667
51	14	0.74747793333333
52	14	0.74788473333333
53	14	0.75358146666667
54	14	0.7519538
55	14	0.74503653333333
56	14	0.7442228
57	14	0.7478848
58	14	0.75602293333333
59	14	0.74910566666667
60	14	0.74910553333333
61	14	0.74422273333333
62	14	0.74747793333333
63	14	0.74991933333333
64	14	0.74747793333333
65	14	0.7413744
66	14	0.74666406666667
67	14	0.73933973333333
68	14	0.74503626666667
69	14	0.74707093333333
70	14	0.74259506666667
71	14	0.74991926666667
72	14	0.750733
73	14	0.7438158
74	14	0.73567786666667
75	14	0.7312018
76	14	0.73242246666667
77	14	0.74625726666667
78	14	0.7442226
79	14	0.7421882
80	14	0.73811906666667
81	14	0.737712
82	14	0.73771213333333
83	14	0.74056046666667
84	14	0.73201546666667
85	14	0.73242246666667
86	14	0.73649153333333
87	14	0.7275396
88	14	0.72794653333333
89	14	0.7271328
90	14	0.7242844
91	14	0.72591186666667
92	14	0.7246912
93	14	0.7324224
94	14	0.73079466666667
95	14	0.73038786666667
96	14	0.7324224
97	14	0.7332362
98	14	0.7348638
99	14	0.72835326666667
100	14	0.74187864084507
0	15	0.73540957394366
1	15	0.72998106666667
2	15	0.7328294
3	15	0.71899466666667
4	15	0.7250982
5	15	0.73079486666667
6	15	0.7271328
7	15	0.73933973333333
8	15	0.7344568
9	15	0.7275396
10	15	0.72631893333333
11	15	0.72916726666667
12	15	0.7332362
13	15	0.7320156
14	15	0.7381192
15	15	0.74503653333333
16	15	0.7368984
17	15	0.73160866666667
18	15	0.73445686666667
19	15	0.73649146666667
20	15	0.73730533333333
21	15	0.7324224
22	15	0.73730533333333
23	15	0.7409674
24	15	0.7397466
25	15	0.74910546666667
26	15	0.7446296
27	15	0.7393398
28	15	0.74544333333333
29	15	0.75073313333333
30	15	0.74991933333333
31	15	0.74625713333333
32	15	0.73933986666667
33	15	0.75154706666667
34	15	0.75561613333333
35	15	0.74910566666667
36	15	0.75276773333333
37	15	0.74422266666667
38	15	0.74666413333333
39	15	0.7486986
40	15	0.7466642
41	15	0.74869866666667
42	15	0.74869866666667
43	15	0.75480206666667
44	15	0.7523606
45	15	0.7503262
46	15	0.74462953333333
47	15	0.73649133333333
48	15	0.7499192
49	15	0.75317446666667
50	15	0.7507332
51	15	0.74544326666667
52	15	0.746664
53	15	0.74829146666667
54	15	0.74381573333333
55	15	0.74137413333333
56	15	0.73933973333333
57	15	0.7409674
58	15	0.742595
59	15	0.74381573333333
60	15	0.743002
61	15	0.73933993333333
62	15	0.73486393333333
63	15	0.7340502
64	15	0.74462966666667
65	15	0.74747793333333
66	15	0.73974686666667
67	15	0.734457
68	15	0.72509813333333
69	15	0.73364306666667
70	15	0.72835333333333
71	15	0.7283534
72	15	0.73282933333333
73	15	0.7413744
74	15	0.7364916
75	15	0.72835346666667
76	15	0.7421882
77	15	0.7328294
78	15	0.72021533333333
79	15	0.73486386666667
80	15	0.72957406666667
81	15	0.74340873333333
82	15	0.73527066666667
83	15	0.73405006666667
84	15	0.7307948
85	15	0.73771206666667
86	15	0.73242246666667
87	15	0.72794646666667
88	15	0.729981
89	15	0.72631886666667
90	15	0.7238774
91	15	0.725912
92	15	0.72224986666667
93	15	0.72224993333333
94	15	0.71736693333333
95	15	0.72347046666667
96	15	0.72387746666667
97	15	0.7198084
98	15	0.72102913333333
99	15	0.72713273333333
100	15	0.74234447887324
0	16	0.73548113967136
1	16	0.72509833333333
2	16	0.73486386666667
3	16	0.73242246666667
4	16	0.72916726666667
5	16	0.72957413333333
6	16	0.72998093333333
7	16	0.7352708
8	16	0.73364326666667
9	16	0.7328294
10	16	0.73079473333333
11	16	0.73649153333333
12	16	0.73649153333333
13	16	0.7328292
14	16	0.72713266666667
15	16	0.73282933333333
16	16	0.74137426666667
17	16	0.7328294
18	16	0.73893286666667
19	16	0.73567766666667
20	16	0.73038793333333
21	16	0.73323633333333
22	16	0.74381586666667
23	16	0.73852593333333
24	16	0.74340873333333
25	16	0.73811913333333
26	16	0.7413744
27	16	0.73608446666667
28	16	0.7364914
29	16	0.74462953333333
30	16	0.747071
31	16	0.7417812
32	16	0.74666406666667
33	16	0.73974673333333
34	16	0.73404993333333
35	16	0.73649133333333
36	16	0.73811913333333
37	16	0.74218813333333
38	16	0.7352708
39	16	0.7373052
40	16	0.7356776
41	16	0.73649146666667
42	16	0.74137433333333
43	16	0.73527073333333
44	16	0.73730533333333
45	16	0.73649146666667
46	16	0.7275396
47	16	0.7291672
48	16	0.73405006666667
49	16	0.73486393333333
50	16	0.7474778
51	16	0.73445686666667
52	16	0.7377122
53	16	0.74747786666667
54	16	0.7421882
55	16	0.74096753333333
56	16	0.74991933333333
57	16	0.7397468
58	16	0.74178126666667
59	16	0.7356776
60	16	0.74666406666667
61	16	0.7503262
62	16	0.7450364
63	16	0.7421882
64	16	0.73242246666667
65	16	0.7336432
66	16	0.72591206666667
67	16	0.73608466666667
68	16	0.74218813333333
69	16	0.74096733333333
70	16	0.73445693333333
71	16	0.7287602
72	16	0.72753933333333
73	16	0.738119
74	16	0.7287604
75	16	0.72713273333333
76	16	0.73486386666667
77	16	0.7373052
78	16	0.73201553333333
79	16	0.73486386666667
80	16	0.72713273333333
81	16	0.73689853333333
82	16	0.72876046666667
83	16	0.72428433333333
84	16	0.7165532
85	16	0.7124842
86	16	0.72021533333333
87	16	0.72265666666667
88	16	0.72265673333333
89	16	0.7271326
90	16	0.73201553333333
91	16	0.7360846
92	16	0.73608453333333
93	16	0.73405006666667
94	16	0.72265686666667
95	16	0.72021533333333
96	16	0.73323613333333
97	16	0.729981
98	16	0.72998113333333
99	16	0.7377122
100	16	0.72425575821596
0	17	0.72702776877934
1	17	0.7250982
2	17	0.7316086
3	17	0.7348638
4	17	0.73201553333333
5	17	0.7230636
6	17	0.72998106666667
7	17	0.7312018
8	17	0.7287602
9	17	0.72143593333333
10	17	0.72753966666667
11	17	0.7332364
12	17	0.73974673333333
13	17	0.72998093333333
14	17	0.7263188
15	17	0.7307948
16	17	0.72509826666667
17	17	0.72672573333333
18	17	0.73445673333333
19	17	0.74462953333333
20	17	0.74178113333333
21	17	0.7271326
22	17	0.7259118
23	17	0.7303878
24	17	0.73445713333333
25	17	0.73160866666667
26	17	0.7360846
27	17	0.73689846666667
28	17	0.74137446666667
29	17	0.73282933333333
30	17	0.73689826666667
31	17	0.72591206666667
32	17	0.73038793333333
33	17	0.7348638
34	17	0.73038793333333
35	17	0.7291672
36	17	0.7356776
37	17	0.7389328
38	17	0.73730533333333
39	17	0.7421882
40	17	0.74015353333333
41	17	0.74218813333333
42	17	0.73567773333333
43	17	0.73893293333333
44	17	0.73282926666667
45	17	0.73242233333333
46	17	0.73486386666667
47	17	0.74015373333333
48	17	0.74340886666667
49	17	0.72550513333333
50	17	0.7287602
51	17	0.73160853333333
52	17	0.73486386666667
53	17	0.73730526666667
54	17	0.738526
55	17	0.729981
56	17	0.7291672
57	17	0.7267258
58	17	0.7255052
59	17	0.72184306666667
60	17	0.72469126666667
61	17	0.73811906666667
62	17	0.74056053333333
63	17	0.73527073333333
64	17	0.73405006666667
65	17	0.72428433333333
66	17	0.73527073333333
67	17	0.73608453333333
68	17	0.7271328
69	17	0.72794653333333
70	17	0.72916706666667
71	17	0.73404986666667
72	17	0.71777386666667
73	17	0.72591193333333
74	17	0.72387746666667
75	17	0.73120173333333
76	17	0.72550513333333
77	17	0.72672586666667
78	17	0.7275396
79	17	0.72835333333333
80	17	0.7283534
81	17	0.71858773333333
82	17	0.71940153333333
83	17	0.72143606666667
84	17	0.72102913333333
85	17	0.7202154
86	17	0.72469126666667
87	17	0.72184306666667
88	17	0.7234706
89	17	0.71777386666667
90	17	0.71858766666667
91	17	0.72224993333333
92	17	0.7234706
93	17	0.72591213333333
94	17	0.7255052
95	17	0.72021533333333
96	17	0.71899466666667
97	17	0.7120772
98	17	0.71614626666667
99	17	0.7198084
100	17	0.72034425586854
0	18	0.71599569248826
1	18	0.71696
2	18	0.72062233333333
3	18	0.72591193333333
4	18	0.7198084
5	18	0.73323613333333
6	18	0.73405
7	18	0.729981
8	18	0.7250982
9	18	0.729981
10	18	0.72672573333333
11	18	0.71696013333333
12	18	0.71980853333333
13	18	0.72550513333333
14	18	0.71980833333333
15	18	0.72184286666667
16	18	0.717367
17	18	0.7198084
18	18	0.71818086666667
19	18	0.72387753333333
20	18	0.72021546666667
21	18	0.7222498
22	18	0.725912
23	18	0.72998093333333
24	18	0.7307948
25	18	0.73771226666667
26	18	0.72835353333333
27	18	0.73282926666667
28	18	0.73771213333333
29	18	0.73282933333333
30	18	0.7368984
31	18	0.73323633333333
32	18	0.73567766666667
33	18	0.73405006666667
34	18	0.73771226666667
35	18	0.7393398
36	18	0.7373052
37	18	0.7267258
38	18	0.72957413333333
39	18	0.7377122
40	18	0.7295742
41	18	0.73405006666667
42	18	0.73445706666667
43	18	0.73445693333333
44	18	0.7348638
45	18	0.7462572
46	18	0.74340886666667
47	18	0.725912
48	18	0.7279464
49	18	0.7275394
50	18	0.72306353333333
51	18	0.72224993333333
52	18	0.72591193333333
53	18	0.729574
54	18	0.72672573333333
55	18	0.73852593333333
56	18	0.72387746666667
57	18	0.73079486666667
58	18	0.72876026666667
59	18	0.72306366666667
60	18	0.71370493333333
61	18	0.71533246666667
62	18	0.7189948
63	18	0.72021553333333
64	18	0.725912
65	18	0.72469133333333
66	18	0.72957406666667
67	18	0.73242246666667
68	18	0.72591193333333
69	18	0.7348638
70	18	0.7320154
71	18	0.72631886666667
72	18	0.72428446666667
73	18	0.7336432
74	18	0.73486393333333
75	18	0.7238774
76	18	0.72672573333333
77	18	0.7364914
78	18	0.73282946666667
79	18	0.71818093333333
80	18	0.72306373333333
81	18	0.72428446666667
82	18	0.72143606666667
83	18	0.71736713333333
84	18	0.7255052
85	18	0.7185878
86	18	0.7063806
87	18	0.7071944
88	18	0.7185876
89	18	0.7161464
90	18	0.71085666666667
91	18	0.7198084
92	18	0.72713273333333
93	18	0.7169602
94	18	0.71533266666667
95	18	0.71818086666667
96	18	0.71818073333333
97	18	0.7189946
98	18	0.72347066666667
99	18	0.71777393333333
100	18	0.72402647887324
0	19	0.71335190513834
1	19	0.7206222
2	19	0.71614633333333
3	19	0.7120774
4	19	0.7165532
5	19	0.717367
6	19	0.7230638
7	19	0.72753966666667
8	19	0.7242844
9	19	0.7307948
10	19	0.72672566666667
11	19	0.721843
12	19	0.72469133333333
13	19	0.72631886666667
14	19	0.72387753333333
15	19	0.72550493333333
16	19	0.73445693333333
17	19	0.72753966666667
18	19	0.72753966666667
19	19	0.72794646666667
20	19	0.72713253333333
21	19	0.72347053333333
22	19	0.72509833333333
23	19	0.7287604
24	19	0.71736713333333
25	19	0.7198086
26	19	0.72835346666667
27	19	0.7316086
28	19	0.73160866666667
29	19	0.7287604
30	19	0.72550506666667
31	19	0.7307948
32	19	0.72469133333333
33	19	0.725912
34	19	0.7332362
35	19	0.72591193333333
36	19	0.7263188
37	19	0.72753953333333
38	19	0.72713273333333
39	19	0.7328294
40	19	0.73527073333333
41	19	0.7271328
42	19	0.72387753333333
43	19	0.725912
44	19	0.7291672
45	19	0.72550513333333
46	19	0.72184306666667
47	19	0.72265666666667
48	19	0.7189946
49	19	0.72631886666667
50	19	0.717367
51	19	0.71777386666667
52	19	0.72713266666667
53	19	0.72265666666667
54	19	0.72794646666667
55	19	0.72957413333333
56	19	0.72998113333333
57	19	0.7238774
58	19	0.71940146666667
59	19	0.72225006666667
60	19	0.71655326666667
61	19	0.71899466666667
62	19	0.73079486666667
63	19	0.71818093333333
64	19	0.72550513333333
65	19	0.7381192
66	19	0.72957413333333
67	19	0.72428446666667
68	19	0.72713273333333
69	19	0.72347053333333
70	19	0.72184293333333
71	19	0.72306373333333
72	19	0.72265673333333
73	19	0.7246912
74	19	0.71573946666667
75	19	0.72387753333333
76	19	0.7250984
77	19	0.71370493333333
78	19	0.72469113333333
79	19	0.72509813333333
80	19	0.72306366666667
81	19	0.71899466666667
82	19	0.71289106666667
83	19	0.71044966666667
84	19	0.71126353333333
85	19	0.71736713333333
86	19	0.7210292
87	19	0.72387753333333
88	19	0.7238774
89	19	0.72184286666667
90	19	0.72225
91	19	0.72225
92	19	0.72184293333333
93	19	0.71167033333333
94	19	0.71696013333333
95	19	0.71655313333333
96	19	0.71818086666667
97	19	0.72184293333333
98	19	0.72102906666667
99	19	0.7222498
100	19	0.72026378656126
