0 0 5.897220906
1 0 5.8927232843552
2 0 5.8881443651393
3 0 5.8811984483022
4 0 5.8744697908558
5 0 5.8747342712341
6 0 5.8757507360249
7 0 5.8721166897324
8 0 5.8676773858628
9 0 5.8661546070778
10 0 5.8654387481275
11 0 5.8637855859936
12 0 5.8618511555072
13 0 5.8609176687475
14 0 5.8603382516715
15 0 5.8584627808768
16 0 5.8559805086981
17 0 5.8549598810535
18 0 5.8548462607692
19 0 5.8539710024493
20 0 5.8525035872989
21 0 5.8513561463764
22 0 5.8505187404302
23 0 5.8499876683969
24 0 5.849775335374
25 0 5.8503603498663
26 0 5.8518020156687
27 0 5.8523044746005
28 0 5.8515511299679
29 0 5.8517694852136
30 0 5.8535652652311
31 0 5.8542827041868
32 0 5.8528497136919
33 0 5.8521983491654
34 0 5.8536707495983
35 0 5.8552043469918
36 0 5.856384092918
37 0 5.857762915661
38 0 5.8598761284732
39 0 5.8613713203919
40 0 5.8598644713834
41 0 5.8586862380526
42 0 5.8610143989521
43 0 5.8633715270346
44 0 5.8635491548837
45 0 5.863651925
0 1 5.8785917194327
1 1 5.8763481450889
2 1 5.8740436742657
3 1 5.8699661883353
4 1 5.8659326756784
5 1 5.8651014571964
6 1 5.8646032965033
7 1 5.8618171524342
8 1 5.8586819375264
9 1 5.8575202043528
10 1 5.8568347799077
11 1 5.8548093788105
12 1 5.8522878924414
13 1 5.8500195528244
14 1 5.8478804763325
15 1 5.8457024148696
16 1 5.8436159270053
17 1 5.8431030739176
18 1 5.8435237453838
19 1 5.8429730228611
20 1 5.8416740777415
21 1 5.8407061389951
22 1 5.8400665410336
23 1 5.8399296107041
24 1 5.8402965206395
25 1 5.8410378361889
26 1 5.8421712704546
27 1 5.84273438936
28 1 5.8425268361454
29 1 5.8426627540521
30 1 5.8434175765271
31 1 5.8442099474366
32 1 5.8450334500173
33 1 5.8464837740111
34 1 5.8492727301777
35 1 5.8517320477889
36 1 5.8529719641158
37 1 5.8539634947438
38 1 5.8545041242894
39 1 5.854887264363
40 1 5.8547569975553
41 1 5.8548681924201
42 1 5.8567634009181
43 1 5.8585631775708
44 1 5.8578864591747
45 1 5.8571246823778
0 2 5.8605151736268
1 2 5.8604095325099
2 2 5.8602634503021
3 2 5.8589399163664
4 2 5.8574954281007
5 2 5.8556034937854
6 2 5.8536400196902
7 2 5.8516458911251
8 2 5.8497411443518
9 2 5.8489380657784
10 2 5.8483028585066
11 2 5.8459286668327
12 2 5.842846577669
13 2 5.8392929057255
14 2 5.8356504429057
15 2 5.8331838171832
16 2 5.8314810277755
17 2 5.8314244267577
18 2 5.8323071743325
19 2 5.8320598080157
20 2 5.8309456340359
21 2 5.8301427534491
22 2 5.8296578957157
23 2 5.8298773390975
24 2 5.8307925809772
25 2 5.8316918352661
26 2 5.8325546106488
27 2 5.8331958909118
28 2 5.8335237329405
29 2 5.8335860480016
30 2 5.8333397362182
31 2 5.8342182355755
32 2 5.8372511470988
33 2 5.8407411788664
34 2 5.8447652613372
35 2 5.8480947726406
36 2 5.8494136685063
37 2 5.850054071388
38 2 5.8490915193704
39 2 5.848413327321
40 2 5.8496148600194
41 2 5.8509682841995
42 2 5.8524125979303
43 2 5.8536445068167
44 2 5.8521739229818
45 2 5.850610518566
0 3 5.8600711290348
1 3 5.858398697035
2 3 5.8567080117228
3 3 5.8544858769899
4 3 5.8522445462354
5 3 5.8504080610683
6 3 5.8485526199492
7 3 5.8455673907776
8 3 5.8425441733409
9 3 5.8420234620011
10 3 5.8420696557379
11 3 5.8400948153816
12 3 5.8372961330262
13 3 5.8340371258898
14 3 5.8306867202943
15 3 5.8283790555165
16 3 5.8266743543819
17 3 5.8254301340889
18 3 5.8244708526737
19 3 5.8238510886332
20 3 5.8234417873539
21 3 5.8223431155705
22 3 5.820638882504
23 3 5.820009677783
24 3 5.8204870078633
25 3 5.8215964526243
26 3 5.823387358481
27 3 5.8246651975214
28 3 5.8251967354733
29 3 5.8254673201584
30 3 5.8254904718601
31 3 5.826812333891
32 3 5.8305523926885
33 3 5.8341045806957
34 3 5.8367657101794
35 3 5.8391937913703
36 3 5.8411917892672
37 3 5.8426349211594
38 3 5.8423835114287
39 3 5.8422622456656
40 3 5.8433667456695
41 3 5.8444564763811
42 3 5.8448774280047
43 3 5.8452059359359
44 3 5.84487118126
45 3 5.8445136459786
0 4 5.8607863155021
1 4 5.8572214465695
2 4 5.8536596023711
3 4 5.8501858240103
4 4 5.8468182330185
5 4 5.845149352067
6 4 5.8435626494409
7 4 5.8394686261566
8 4 5.8351534736705
9 4 5.8348295032198
10 4 5.835508387892
11 4 5.833984386434
12 4 5.8315653065143
13 4 5.8287783775942
14 4 5.825921488666
15 4 5.8238417325422
16 4 5.8221235140276
17 4 5.8195759559425
18 4 5.8166034284105
19 4 5.8155518171778
20 4 5.8158727535614
21 4 5.8144922561053
22 4 5.8115686518422
23 4 5.8100633888495
24 4 5.8100499050424
25 4 5.8113781943817
26 4 5.8141733741349
27 4 5.8161081003078
28 4 5.8167906711731
29 4 5.8173161223039
30 4 5.8178098587296
31 4 5.8196477961705
32 4 5.8239063838923
33 4 5.8272948817432
34 4 5.8283418112114
35 4 5.8296958705412
36 4 5.8324189677558
37 4 5.8347821380915
38 4 5.8355233645482
39 4 5.8361741192741
40 4 5.837039905674
41 4 5.8377239169147
42 4 5.8371441919539
43 4 5.8366120494211
44 4 5.8375856774336
45 4 5.838611023068
0 5 5.8439854391946
1 5 5.8406931152376
2 5 5.8374044765889
3 5 5.8342231365443
4 5 5.8311209046458
5 5 5.8292266150004
6 5 5.8274028729837
7 5 5.823962824945
8 5 5.8203377572105
9 5 5.8187982032854
10 5 5.8178175147313
11 5 5.8160436417984
12 5 5.8139171960989
13 5 5.8113903229554
14 5 5.8087833249704
15 5 5.8072165654365
16 5 5.8061216478403
17 5 5.8037626594526
18 5 5.800701440401
19 5 5.7996119486261
20 5 5.7999834765141
21 5 5.7995960823415
22 5 5.7984859324923
23 5 5.7982581590803
24 5 5.7989539634036
25 5 5.8005455329334
26 5 5.8031048284636
27 5 5.8048392968447
28 5 5.8054328002748
29 5 5.80645120469
30 5 5.8083240205474
31 5 5.8112319023537
32 5 5.8158426275007
33 5 5.8192627909308
34 5 5.8197915099766
35 5 5.8207955102561
36 5 5.8237683305289
37 5 5.8266704901074
38 5 5.8287137014342
39 5 5.8305356112014
40 5 5.8317007125514
41 5 5.8326808055202
42 5 5.8327826544986
43 5 5.8329195921473
44 5 5.8341280634876
45 5 5.8353733380278
0 6 5.8234867941062
1 6 5.820960383158
2 6 5.8184331320027
3 6 5.8158814180234
4 6 5.8133455477421
5 6 5.8111150618285
6 6 5.8089168546512
7 6 5.8065082468274
8 6 5.8040041756118
9 6 5.8009518577762
10 6 5.7978206794631
11 6 5.7955955490159
12 6 5.7936761121563
13 6 5.791335463949
14 6 5.7889115376558
15 6 5.7878538979384
16 6 5.7874312035291
17 6 5.7855631227805
18 6 5.7828502380452
19 6 5.7817743460109
20 6 5.7819739142277
21 6 5.7827896154739
22 6 5.7840936806935
23 6 5.7855677748621
24 6 5.7872047117656
25 6 5.7890477148053
26 6 5.7910905655735
27 6 5.7924707352223
28 6 5.7930102717346
29 6 5.794614385304
30 6 5.7980250470715
31 6 5.8020656092129
32 6 5.8069148377146
33 6 5.810386320605
34 6 5.8107332698758
35 6 5.811613747918
36 6 5.8146944926296
37 6 5.8180006848774
38 6 5.8213499798449
39 6 5.824378799695
40 6 5.8259670950882
41 6 5.8274028464968
42 6 5.8285325906424
43 6 5.8296521025198
44 6 5.8308661854809
45 6 5.8320835166072
0 7 5.8128056988452
1 7 5.8103479690536
2 7 5.807883806486
3 7 5.8052323521548
4 7 5.802561309727
5 7 5.7998131207274
6 7 5.7970851192634
7 7 5.7947988007567
8 7 5.7924848222661
9 7 5.7887041927607
10 7 5.7845794709194
11 7 5.7815044240223
12 7 5.7788550850784
13 7 5.7764084546846
14 7 5.7740984608485
15 7 5.7724516603122
16 7 5.7710810474887
17 7 5.7686787525147
18 7 5.7656856217873
19 7 5.7639290372197
20 7 5.7631637714605
21 7 5.7636034436784
22 7 5.765060941565
23 7 5.7665955320206
24 7 5.7681855419422
25 7 5.7699419876232
26 7 5.7718849363188
27 7 5.7737854967572
28 7 5.7756683222482
29 7 5.7783617371747
30 7 5.782343218466
31 7 5.7864163615356
32 7 5.7904102774343
33 7 5.7934781769049
34 7 5.7945641608239
35 7 5.795992249112
36 7 5.7988351355661
37 7 5.80196238734
38 7 5.8055739150898
39 7 5.8088963764351
40 7 5.8107461069871
41 7 5.8124018790143
42 7 5.8135021695709
43 7 5.814624271051
44 7 5.8164193617681
45 7 5.8182375671642
0 8 5.8056706795477
1 8 5.803042740903
2 8 5.8004009673654
3 8 5.7973563877171
4 8 5.7942667422935
5 8 5.7909608155577
6 8 5.787677366614
7 8 5.7851639366004
8 8 5.7826759212093
9 8 5.7784778456493
10 8 5.7738238286802
11 8 5.7698222086722
12 8 5.7661720342417
13 8 5.7635035983456
14 8 5.7612391221509
15 8 5.7585908768281
16 8 5.7556890878496
17 8 5.7523985968017
18 8 5.7489220575372
19 8 5.746246216594
20 8 5.7442328622203
21 8 5.7437267860725
22 8 5.744520213558
23 8 5.7455441489633
24 8 5.7467752706943
25 8 5.7483897480585
26 8 5.7504716644358
27 8 5.7532416120806
28 8 5.7569285634016
29 8 5.7608337388611
30 8 5.7649633148075
31 8 5.7686434223551
32 8 5.7714437110738
33 8 5.7739962154101
34 8 5.776180585284
35 8 5.7784239456516
36 8 5.7809314687944
37 8 5.7836923182779
38 8 5.787197119464
39 8 5.7904880100968
40 8 5.7925359589433
41 8 5.794319543051
42 8 5.7949909311158
43 8 5.7957417607744
44 8 5.7982841084678
45 8 5.8008879881473
0 9 5.7943744363919
1 9 5.792088953665
2 9 5.7897635458423
3 9 5.7862757096062
4 9 5.782698138212
5 9 5.77918755141
6 9 5.7757481941574
7 9 5.7731386739731
8 9 5.7705418082834
9 9 5.765937422048
10 9 5.7608300450787
11 9 5.756828331551
12 9 5.753312839109
13 9 5.7503739114496
14 9 5.7476189875662
15 9 5.7441399334097
16 9 5.7402833719797
17 9 5.7367227408889
18 9 5.7333756898289
19 9 5.7301772174597
20 9 5.7271660981043
21 9 5.7262996197967
22 9 5.7273157248699
23 9 5.7287496219073
24 9 5.7305685812074
25 9 5.7329843948442
26 9 5.7361042908685
27 9 5.7398281646635
28 9 5.7443133882978
29 9 5.7485415727855
30 9 5.7522619346526
31 9 5.755577763655
32 9 5.7582317363135
33 9 5.7610815459174
34 9 5.7644721903311
35 9 5.7676768203111
36 9 5.7702727550291
37 9 5.7731181963631
38 9 5.7769664676662
39 9 5.7805972673598
40 9 5.7828672044812
41 9 5.7848067356896
42 9 5.7852657313325
43 9 5.7857986711553
44 9 5.7883216125955
45 9 5.7909129031952
0 10 5.7811303786308
1 10 5.7794282202084
2 10 5.7776525128295
3 10 5.773735410542
4 10 5.7696770738166
5 10 5.7661548129677
6 10 5.762766038907
7 10 5.7600536029505
8 10 5.7572980539337
9 10 5.752299090272
10 10 5.7468046903673
11 10 5.7432440710233
12 10 5.7403897777032
13 10 5.7371199092889
14 10 5.7335769624993
15 10 5.7293628473223
16 10 5.7248666471928
17 10 5.7213064233095
18 10 5.7183201162515
19 10 5.7148121169017
20 10 5.7110097037882
21 10 5.7101130145804
22 10 5.7117914445157
23 10 5.7141094906683
24 10 5.7170216243054
25 10 5.7207203605113
26 10 5.7253124971116
27 10 5.7300186411275
28 10 5.7347899459679
29 10 5.7389119221621
30 10 5.7419985815074
31 10 5.7450311709303
32 10 5.7481424815321
33 10 5.7517187412734
34 10 5.7562674058492
35 10 5.7604378690413
36 10 5.7633854472659
37 10 5.7665862620532
38 10 5.7709908278541
39 10 5.7751309737101
40 10 5.7776230450959
41 10 5.77972761519
42 10 5.7801186507457
43 10 5.7805445236925
44 10 5.7826436694755
45 10 5.7848002859615
0 11 5.7733366092745
1 11 5.7716353991562
2 11 5.7698582672674
3 11 5.7658706554395
4 11 5.7617374465824
5 11 5.7581609317687
6 11 5.754646845507
7 11 5.7507881974237
8 11 5.7467497001753
9 11 5.7415435441964
10 11 5.7361244416025
11 11 5.7321611085587
12 11 5.7287012716333
13 11 5.7246722371872
14 11 5.7203016974224
15 11 5.7152036807174
16 11 5.709792925614
17 11 5.7052785727972
18 11 5.7013431752875
19 11 5.6973586945566
20 11 5.6934272529578
21 11 5.6923460904096
22 11 5.6937808841565
23 11 5.6963554333071
24 11 5.7000268041909
25 11 5.7045275572759
26 11 5.709968092639
27 11 5.7155855302117
28 11 5.7213309137952
29 11 5.7261072692562
30 11 5.7293472871406
31 11 5.7326695580605
32 11 5.7363802490202
33 11 5.7404054006976
34 11 5.7450247583204
35 11 5.7493989902808
36 11 5.7529876896852
37 11 5.756711925327
38 11 5.7611128400423
39 11 5.7652216257266
40 11 5.7677624051956
41 11 5.7699214916352
42 11 5.7703665403995
43 11 5.7708324818908
44 11 5.7727989591636
45 11 5.7748169742636
0 12 5.7695707893819
1 12 5.7674283460937
2 12 5.7652305868882
3 12 5.7614222919339
4 12 5.7574987511465
5 12 5.7538236982275
6 12 5.7500485883208
7 12 5.7443588946947
8 12 5.7383020711091
9 12 5.732991162369
10 12 5.7279172871518
11 12 5.7229007446402
12 12 5.7178887396798
13 12 5.7127580485774
14 12 5.7074956369229
15 12 5.7013534445454
16 12 5.6947679892954
17 12 5.6885529282193
18 12 5.6826686030844
19 12 5.6780358230155
20 12 5.674405623148
21 12 5.673015773404
22 12 5.6735707300754
23 12 5.6759720064083
24 12 5.6801898373205
25 12 5.6851832054875
26 12 5.691069918339
27 12 5.6975884872266
28 12 5.7048367877432
29 12 5.7108681992124
30 12 5.7149100700671
31 12 5.7189763498267
32 12 5.7233542063524
33 12 5.7276138531162
34 12 5.7315629996306
35 12 5.7356122303004
36 12 5.7399981867728
37 12 5.7443152949786
38 12 5.7482832515412
39 12 5.7519533665057
40 12 5.7544264478701
41 12 5.7565734623445
42 12 5.7571900062431
43 12 5.7578317460721
44 12 5.7598945129614
45 12 5.7620060868489
0 13 5.7637631476606
1 13 5.7612869243175
2 13 5.7587653119051
3 13 5.7549221862223
4 13 5.7509815810329
5 13 5.7471948934887
6 13 5.7432530155455
7 13 5.7368428045016
8 13 5.7299661867679
9 13 5.724127938399
10 13 5.7185728668685
11 13 5.7126083008253
12 13 5.7064491941341
13 13 5.699949227084
14 13 5.6932177900661
15 13 5.6855524676007
16 13 5.6773977425177
17 13 5.6693342384403
18 13 5.6614837060637
19 13 5.6558223122804
20 13 5.6518685582821
21 13 5.6502904319224
22 13 5.6507520792075
23 13 5.6537567357039
24 13 5.6592744143337
25 13 5.6656538767418
26 13 5.6730138271331
27 13 5.680934833201
28 13 5.6894850692278
29 13 5.6968167253482
30 13 5.702149205564
31 13 5.7072741624918
32 13 5.712270729047
33 13 5.7169772152592
34 13 5.7210833825748
35 13 5.7253058479454
36 13 5.7299700855762
37 13 5.7344177222187
38 13 5.7379975099802
39 13 5.7413300293309
40 13 5.7438921401548
41 13 5.7462176654853
42 13 5.7473864702047
43 13 5.7485556411753
44 13 5.7505669739096
45 13 5.7526072317706
0 14 5.7554957266463
1 14 5.7528654564143
2 14 5.7501862267302
3 14 5.746081531253
4 14 5.7418793657381
5 14 5.73797483538
6 14 5.7339740426652
7 14 5.7280064641262
8 14 5.7215667093788
9 14 5.7147991567152
10 14 5.7079485174774
11 14 5.7011835459979
12 14 5.6943325861065
13 14 5.6862036957817
14 14 5.6774140673122
15 14 5.6677301479192
16 14 5.6575961224143
17 14 5.6475565699306
18 14 5.6377614982216
19 14 5.6306696194879
20 14 5.6257032816411
21 14 5.62406640331
22 14 5.6252964578154
23 14 5.6297237708787
24 14 5.6373034549296
25 14 5.6459867421863
26 14 5.6558881316338
27 14 5.6657323684758
28 14 5.6753716851026
29 14 5.684017500187
30 14 5.6910722032826
31 14 5.6975378642884
32 14 5.7031220157702
33 14 5.7085201491449
34 14 5.7136655491537
35 14 5.7186015522784
36 14 5.7230280257395
37 14 5.7271547830018
38 14 5.7304403432537
39 14 5.7335773561356
40 14 5.7363752851649
41 14 5.7390532481097
42 14 5.7411191593228
43 14 5.7431321431298
44 14 5.7449313198361
45 14 5.7467231530632
0 15 5.7463656099613
1 15 5.7439848818337
2 15 5.7415416256396
3 15 5.7372778503007
4 15 5.7328908092084
5 15 5.7289047543158
6 15 5.7248684456236
7 15 5.7192744095465
8 15 5.7132162770247
9 15 5.7058631661679
10 15 5.698127916803
11 15 5.6904085554871
12 15 5.6825063151872
13 15 5.672499293298
14 15 5.6614466312757
15 15 5.6493906239981
16 15 5.6368362402616
17 15 5.6243095994305
18 15 5.6120258878475
19 15 5.6030794629564
20 15 5.5967791919478
21 15 5.5950659941766
22 15 5.597308062993
23 15 5.6032270062046
24 15 5.6127585390165
25 15 5.6237200227628
26 15 5.636242038567
27 15 5.6482273756732
28 15 5.6593456758631
29 15 5.6695403763775
30 15 5.6782971509676
31 15 5.6861758964013
32 15 5.6926182066006
33 15 5.698873453669
34 15 5.7049605194096
35 15 5.7105735294864
36 15 5.7149526662778
37 15 5.7189559649015
38 15 5.7220931321086
39 15 5.7251072454957
40 15 5.7279082894612
41 15 5.7306772041419
42 15 5.7333373929633
43 15 5.735917435643
44 15 5.73758131978
45 15 5.7392137372759
0 16 5.7363088456447
1 16 5.7346473299027
2 16 5.7328999125544
3 16 5.7286514500326
4 16 5.7242242487052
5 16 5.7201868671544
6 16 5.7161102351933
7 16 5.7106477465136
8 16 5.704739467701
9 16 5.6973007036594
10 16 5.6893208927373
11 16 5.6804279662355
12 16 5.6709494296935
13 16 5.6587872204168
14 16 5.645297395521
15 16 5.6304564723536
16 16 5.6149254534181
17 16 5.59922259462
18 16 5.5836977928691
19 16 5.5723800572018
20 16 5.5644185380233
21 16 5.5625989675218
22 16 5.5660743428548
23 16 5.573495924395
24 16 5.5847758952618
25 16 5.597901079525
26 16 5.6130449174314
27 16 5.6274231780213
28 16 5.6405898190107
29 16 5.6526645723112
30 16 5.6630575851733
31 16 5.6724166192505
32 16 5.6800718702276
33 16 5.6873667163139
34 16 5.6941559861992
35 16 5.700334735344
36 16 5.7049983379759
37 16 5.7092077738875
38 16 5.7123754046632
39 16 5.715346287627
40 16 5.7178474408509
41 16 5.720361001389
42 16 5.723171149105
43 16 5.72591014571
44 16 5.7275511440744
45 16 5.7291544302802
0 17 5.725309593739
1 17 5.7237702179182
2 17 5.7221462299333
3 17 5.7180587391854
4 17 5.7137700822452
5 17 5.7094349367546
6 17 5.7050158400663
7 17 5.699530965981
8 17 5.6936569756557
9 17 5.6860669402085
10 17 5.6777993460073
11 17 5.6677740571734
12 17 5.6568120514636
13 17 5.6428014882021
14 17 5.6272432627498
15 17 5.6095952201293
16 17 5.5908450176771
17 17 5.571642306594
18 17 5.5525318278699
19 17 5.5388341777016
20 17 5.529447571571
21 17 5.5276356412176
22 17 5.5323423303514
23 17 5.5414855647232
24 17 5.5549552883847
25 17 5.5706202762387
26 17 5.5886862608737
27 17 5.6057721234387
28 17 5.6213214179001
29 17 5.6355468844037
30 17 5.6477371057756
31 17 5.6586353136729
32 17 5.6673893616277
33 17 5.6756135194443
34 17 5.6830424404758
35 17 5.6898075780334
36 17 5.6949805842823
37 17 5.6995711490802
38 17 5.7027182542434
39 17 5.705646154083
40 17 5.7081600979776
41 17 5.7107074674108
42 17 5.7136596783901
43 17 5.7165255822561
44 17 5.7180269594424
45 17 5.7194814702087
0 18 5.7128297598151
1 18 5.7102639553318
2 18 5.7076606895138
3 18 5.7039667282553
4 18 5.7001136964218
5 18 5.6950399997685
6 18 5.6897433630567
7 18 5.6839915349369
8 18 5.677972305932
9 18 5.6700339171631
10 18 5.661301578184
11 18 5.6502488097823
12 18 5.6380464280687
13 18 5.6227685939214
14 18 5.6058147598887
15 18 5.5853672739103
16 18 5.5630338144964
17 18 5.5398631606188
18 18 5.5166833021986
19 18 5.5006719610549
20 18 5.4903236103265
21 18 5.4887173004387
22 18 5.4946065856505
23 18 5.5058477049235
24 18 5.5223116009596
25 18 5.5412013020374
26 18 5.5627334148566
27 18 5.5830599785931
28 18 5.6015132059246
29 18 5.618331660816
30 18 5.6326228489104
31 18 5.645155680784
32 18 5.6547410811171
33 18 5.6636612203572
34 18 5.6716498424441
35 18 5.6790475365084
36 18 5.6850651180176
37 18 5.6902889240422
38 18 5.6933088195213
39 18 5.6961940992331
40 18 5.6993309745601
41 18 5.7024860616722
42 18 5.7056363745809
43 18 5.7086360431486
44 18 5.709769152852
45 18 5.7108381531957
0 19 5.7015559263199
1 19 5.6980462562588
2 19 5.6945419085864
3 19 5.6911925234964
4 19 5.6877274532702
5 19 5.6820652420433
6 19 5.6760546519039
7 19 5.6699617656227
8 19 5.6636805678851
9 19 5.655406534809
10 19 5.6462515574171
11 19 5.6341024128745
12 19 5.6205336858918
13 19 5.6037115300699
14 19 5.5850230279324
15 19 5.5614967397763
16 19 5.5353610484882
17 19 5.5083437027685
18 19 5.4814091859836
19 19 5.4630815281875
20 19 5.4515267016611
21 19 5.4499220873839
22 19 5.4568352683718
23 19 5.4698904810993
24 19 5.4889435405574
25 19 5.5108503395863
26 19 5.5358688932744
27 19 5.5595025666765
28 19 5.5809742351318
29 19 5.6004731009185
30 19 5.6169022664544
31 19 5.6310643656364
32 19 5.641404293583
33 19 5.6509407769502
34 19 5.659412395749
35 19 5.6673033083971
36 19 5.6738674245785
37 19 5.6795352889197
38 19 5.6826471838684
39 19 5.6856884824638
40 19 5.6893987292777
41 19 5.6931027215727
42 19 5.6964488702217
43 19 5.6995834912324
44 19 5.7003514495453
45 19 5.7010381217905
0 20 5.6936763820969
1 20 5.6896874202353
2 20 5.6857251800035
3 20 5.6825409462155
4 20 5.6792735625508
5 20 5.6735063722823
6 20 5.6673211728597
7 20 5.6607478486328
8 20 5.6539407564951
9 20 5.6454060528338
10 20 5.6359759106362
11 20 5.6225374301736
12 20 5.6072348274476
13 20 5.5880376602286
14 20 5.5666038551714
15 20 5.5392869435266
16 20 5.5088735659381
17 20 5.4784298607785
18 20 5.4486615820414
19 20 5.4280154150189
20 20 5.4145516484683
21 20 5.4123928419571
22 20 5.4199294597127
23 20 5.4339835724246
24 20 5.4544054079813
25 20 5.4786391325582
26 20 5.5070671036109
27 20 5.5340561146661
28 20 5.5587268162054
29 20 5.5810347431243
30 20 5.5996313577981
31 20 5.6153897180833
32 20 5.6263482597033
33 20 5.6363484222381
34 20 5.6451196630892
35 20 5.6531327982288
36 20 5.6594049443783
37 20 5.66497540918
38 20 5.6687619723036
39 20 5.6724678134325
40 20 5.6764995956416
41 20 5.680483378412
42 20 5.68400062791
43 20 5.6872646593442
44 20 5.6877232114115
45 20 5.6880854056893
0 21 5.6853875054013
1 21 5.6812194591059
2 21 5.6770860329086
3 21 5.6739605788878
4 21 5.6707669462412
5 21 5.6650125774636
6 21 5.6587994958912
7 21 5.6517705166214
8 21 5.6444372408598
9 21 5.6356734744495
10 21 5.6260172058118
11 21 5.6114167277809
12 21 5.5945292806392
13 21 5.573026153003
14 21 5.5488924614002
15 21 5.5179866626955
16 21 5.4835787224327
17 21 5.4499352814362
18 21 5.4175308064583
19 21 5.39493517773
20 21 5.3800488384522
21 21 5.3775519240543
22 21 5.3856843203251
23 21 5.4006166384046
24 21 5.4221980093423
25 21 5.4484820683021
26 21 5.4799714089907
27 21 5.5100520830611
28 21 5.5377779901611
29 21 5.5627833890017
30 21 5.5834807524995
31 21 5.6008452869425
32 21 5.6125638348392
33 21 5.6231191973273
34 21 5.6321472562961
35 21 5.6402370476361
36 21 5.6461968211019
37 21 5.6516347849719
38 21 5.6560055389348
39 21 5.6603049581291
40 21 5.6646941300734
41 21 5.6689753917539
42 21 5.6725152969577
43 21 5.6757632282536
44 21 5.6759235939913
45 21 5.6759779133274
0 22 5.6745204285873
1 22 5.6712560022482
2 22 5.6679855576671
3 22 5.6645398905752
4 22 5.6609731793736
5 22 5.6555734358055
6 22 5.6497754347705
7 22 5.6424286109236
8 22 5.6346400454879
9 22 5.6257529529658
10 22 5.6160267453057
11 22 5.6008327474868
12 22 5.5830654061618
13 22 5.5597648637553
14 22 5.5333936184227
15 22 5.4999119109888
16 22 5.4627872244924
17 22 5.4267516561044
18 22 5.3922656575959
19 22 5.3692116293711
20 22 5.3550527528344
21 22 5.3532382105601
22 22 5.3619620966805
23 22 5.3775058840439
24 22 5.3997330809424
25 22 5.4271368683967
26 22 5.4603007715417
27 22 5.4923916232653
28 22 5.5225375054414
29 22 5.5497500028973
30 22 5.5722670351798
31 22 5.5912833607797
32 22 5.6043670021481
33 22 5.6158869655268
34 22 5.6250496098698
35 22 5.6331341825569
36 22 5.6389291278718
37 22 5.6442417356288
38 22 5.648673382715
39 22 5.6531412227752
40 22 5.6580975905377
41 22 5.6628181094358
42 22 5.6657906391054
43 22 5.6684393767467
44 22 5.6683345084809
45 22 5.6681350640863
0 23 5.6634086304938
1 23 5.6610599757498
2 23 5.6586647409339
3 23 5.6549133165305
4 23 5.6509856116549
5 23 5.6459088589288
6 23 5.6404904465693
7 23 5.6328308939166
8 23 5.6245974528654
9 23 5.6155523119717
10 23 5.6057208701572
11 23 5.5900379126337
12 23 5.5715474447144
13 23 5.546597574595
14 23 5.5181379580402
15 23 5.4823073972645
16 23 5.4427366661954
17 23 5.4045999416405
18 23 5.3683253544181
19 23 5.3449594496899
20 23 5.3315640203912
21 23 5.3304175198964
22 23 5.339678917044
23 23 5.3557615877176
24 23 5.3785431142064
25 23 5.4069235728509
26 23 5.4415601155239
27 23 5.4754498949441
28 23 5.5077969362007
29 23 5.5370271175569
30 23 5.5612243905004
31 23 5.5817927515315
32 23 5.596209300501
33 23 5.6086779478985
34 23 5.6179829569781
35 23 5.6260852381911
36 23 5.6317713084282
37 23 5.6369989472901
38 23 5.6414691435707
39 23 5.6460659028497
40 23 5.6514986790788
41 23 5.6565801478126
42 23 5.6590111647185
43 23 5.6610969578894
44 23 5.6608166033726
45 23 5.6604549804767
0 24 5.6514180834951
1 24 5.6495962746751
2 24 5.6477099555614
3 24 5.6439454043021
4 24 5.6399602418795
5 24 5.6347870133506
6 24 5.6292506235896
7 24 5.6212586908862
8 24 5.6126353585751
9 24 5.6030938349352
10 24 5.5927911740754
11 24 5.5772362513285
12 24 5.5590144936733
13 24 5.5334235159193
14 24 5.5039138495295
15 24 5.4671746123088
16 24 5.4268430860932
17 24 5.3886730422998
18 24 5.3528087305331
19 24 5.3296809163803
20 24 5.3163757532287
21 24 5.3153150601189
22 24 5.3246644187023
23 24 5.3407997010184
24 24 5.3636030157451
25 24 5.3921852279261
26 24 5.4272338265833
27 24 5.4616455975032
28 24 5.4946513826665
29 24 5.5245371189386
30 24 5.5493757750796
31 24 5.5706411202809
32 24 5.5858472055589
33 24 5.5989459077221
34 24 5.6085137328502
35 24 5.6168625882814
36 24 5.6228409380312
37 24 5.6283181798131
38 24 5.6328771371254
39 24 5.6374650491735
40 24 5.6425198035725
41 24 5.6472430003908
42 24 5.6496161660525
43 24 5.6517064074803
44 24 5.6519863095476
45 24 5.6522040331861
0 25 5.6393999946033
1 25 5.6380928419346
2 25 5.6367039580743
3 25 5.6329354516311
4 25 5.6289023451408
5 25 5.6236194938163
6 25 5.6179495318558
7 25 5.6096246031891
8 25 5.600613102947
9 25 5.5905645924289
10 25 5.5797792417652
11 25 5.5643716917376
12 25 5.5464497306609
13 25 5.5202492450724
14 25 5.4897220720877
15 25 5.4521192966839
16 25 5.4110797946873
17 25 5.3729412421414
18 25 5.337556122994
19 25 5.3146836365754
20 25 5.3014476406181
21 25 5.300454506407
22 25 5.3098777365687
23 25 5.3260503897206
24 25 5.3488588016861
25 25 5.3776184798068
26 25 5.4130458934638
27 25 5.4479396339385
28 25 5.4815558203776
29 25 5.5120544194942
30 25 5.537501898791
31 25 5.5594374290047
32 25 5.5754160201584
33 25 5.5891347905569
34 25 5.5989692069384
35 25 5.6075718097341
36 25 5.6138550120499
37 25 5.6195923429566
38 25 5.6242416350484
39 25 5.628816381967
40 25 5.6334663348405
41 25 5.6378087177766
42 25 5.6401391911932
43 25 5.6422516641944
44 25 5.643114882619
45 25 5.6439351937918
0 26 5.6281632322416
1 26 5.6264972559099
2 26 5.6247603644472
3 26 5.6209587625153
4 26 5.6169021892226
5 26 5.6113260478906
6 26 5.605375739487
7 26 5.5975275193726
8 26 5.5890906268728
9 26 5.5787743651834
10 26 5.5675216010427
11 26 5.5522482001609
12 26 5.5346927047409
13 26 5.5088506632706
14 26 5.4786714764945
15 26 5.4414288707861
16 26 5.4008068018156
17 26 5.3637556945643
18 26 5.3298096970837
19 26 5.3072226329961
20 26 5.2933849495639
21 26 5.2913736578174
22 26 5.2994567470184
23 26 5.3149273087347
24 26 5.3376853177052
25 26 5.3666083903304
26 26 5.4024285856136
27 26 5.4375790772022
28 26 5.4712476572713
29 26 5.5016672226263
30 26 5.5268404759628
31 26 5.5483999604395
32 26 5.563865656369
33 26 5.5773902384189
34 26 5.5877515243114
35 26 5.5968645897662
36 26 5.6034359050017
37 26 5.6094673440064
38 26 5.6144903721143
39 26 5.6192694215515
40 26 5.6233475606257
41 26 5.6272123413226
42 26 5.630031543075
43 26 5.6326591945171
44 26 5.6336661801301
45 26 5.6346175018951
0 27 5.6170913298866
1 27 5.6150805821823
2 27 5.6130093145747
3 27 5.609175995959
4 27 5.6050973402138
5 27 5.5992463088112
6 27 5.5930350696215
7 27 5.5856604419845
8 27 5.5777917441377
9 27 5.5672221257954
10 27 5.5555213892565
11 27 5.5403877798273
12 27 5.5232005646697
13 27 5.4977350036094
14 27 5.4679315598737
15 27 5.4311015280885
16 27 5.3909587757027
17 27 5.3550107241281
18 27 5.3224909042807
19 27 5.3001957990313
20 27 5.2857782037848
21 27 5.2827586538361
22 27 5.2895004095423
23 27 5.3042695192725
24 27 5.3269791834803
25 27 5.3560403850978
26 27 5.3921974658488
27 27 5.4275577868279
28 27 5.4612455645787
29 27 5.4915516957681
30 27 5.5164138128084
31 27 5.5375702344936
32 27 5.5525139473636
33 27 5.5658261843739
34 27 5.5766735660465
35 27 5.5862647945452
36 27 5.5931200738516
37 27 5.5994439485225
38 27 5.6048385490154
39 27 5.6098211612205
40 27 5.6133331187335
41 27 5.6167231762272
42 27 5.6200133871217
43 27 5.6231390434664
44 27 5.6242943119735
45 27 5.6253819049814
0 28 5.6112794345223
1 28 5.6093722664288
2 28 5.6074015466013
3 28 5.6035805033141
4 28 5.599523934048
5 28 5.5939850791293
6 28 5.5881323831797
7 28 5.5811319268403
8 28 5.5736268082613
9 28 5.5632631033353
10 28 5.5517346795273
11 28 5.5369208844335
12 28 5.520159846169
13 28 5.4956462296528
14 28 5.4671041356734
15 28 5.4323586818927
16 28 5.3946696967641
17 28 5.3603227641614
18 28 5.3288161308989
19 28 5.307021537641
20 28 5.29271880264
21 28 5.2890068416348
22 28 5.2943692149664
23 28 5.3084572749226
24 28 5.3311842641225
25 28 5.3595774758157
26 28 5.3942880247571
27 28 5.4283610952847
28 28 5.4610089240892
29 28 5.4901040452417
30 28 5.5134773684782
31 28 5.5333687239135
32 28 5.5475004981512
33 28 5.5600210845432
34 28 5.5700536393938
35 28 5.5790924826188
36 28 5.5860993532469
37 28 5.5926623031345
38 28 5.598359443414
39 28 5.6035220159731
40 28 5.6066474935561
41 28 5.6096546860818
42 28 5.6128505592905
43 28 5.6159262833264
44 28 5.6173739123878
45 28 5.6187656224378
0 29 5.6062700290022
1 29 5.6045106481705
2 29 5.6026833546505
3 29 5.5988787674732
4 29 5.5948484771287
5 29 5.5896796314137
6 29 5.5842460413586
7 29 5.5776028026997
8 29 5.5704335717154
9 29 5.5603265560033
10 29 5.5490421247065
11 29 5.5345879948232
12 29 5.5182864897096
13 29 5.4948228214332
14 29 5.4676787275858
15 29 5.4352550531668
16 29 5.4002961991941
17 29 5.3676439691253
18 29 5.3371303238142
19 29 5.3158779566688
20 29 5.3017813539747
21 29 5.2974324493917
22 29 5.3014368486214
23 29 5.3148212772971
24 29 5.3374976156197
25 29 5.3650656256956
26 29 5.3980725784901
27 29 5.4306235689452
28 29 5.4620337054882
29 29 5.4897458752647
30 29 5.5114985322721
31 29 5.5300332960168
32 29 5.5433281988307
33 29 5.5550010018879
34 29 5.5640838108439
35 29 5.5724640312492
36 29 5.5796114208958
37 29 5.586400708211
38 29 5.5923533561965
39 29 5.5976639586406
40 29 5.6004504634672
41 29 5.6031095643738
42 29 5.6061272767019
43 29 5.6090707707494
44 29 5.6108332788269
45 29 5.6125552244255
0 30 5.6044657633918
1 30 5.6026807243511
2 30 5.6008285098013
3 30 5.5970204647368
4 30 5.5929963641112
5 30 5.5879694531105
6 30 5.5827057650025
7 30 5.5763262018764
8 30 5.5694332571908
9 30 5.5595066366731
10 30 5.5484204301541
11 30 5.5346643072734
12 30 5.5193103234137
13 30 5.4974357075299
14 30 5.4722576484671
15 30 5.4428443747435
16 30 5.411359712236
17 30 5.3810305194542
18 30 5.3520484818042
19 30 5.3316481108951
20 30 5.3179091569323
21 30 5.3132501673084
22 30 5.3163757732608
23 30 5.3285946786659
24 30 5.3498205689793
25 30 5.3754403390784
26 30 5.4059342913468
27 30 5.435932296054
28 30 5.4647919190448
29 30 5.4903694458928
30 30 5.5106661770895
31 30 5.5280572442135
32 30 5.540694954839
33 30 5.5517623028526
34 30 5.5602759169647
35 30 5.5683108064256
36 30 5.5756864701735
37 30 5.5825847199634
38 30 5.5880770043743
39 30 5.5929982799642
40 30 5.5959262010194
41 30 5.5986764033087
42 30 5.6012162985733
43 30 5.603717644047
44 30 5.6058927431031
45 30 5.6080566368073
0 31 5.6031547045728
1 31 5.6013283141662
2 31 5.5994360053262
3 31 5.5956244660271
4 31 5.5916060434779
5 31 5.5866915041631
6 31 5.5815637251619
7 31 5.5754152452453
8 31 5.568768193427
9 31 5.559012775277
10 31 5.5481296167926
11 31 5.5351575695722
12 31 5.5208695335243
13 31 5.5007227114612
14 31 5.4776598217874
15 31 5.4514309791858
16 31 5.4236081665483
17 31 5.3957973012825
18 31 5.3685403593165
19 31 5.3490864196572
20 31 5.3357292304403
21 31 5.3308567226341
22 31 5.3332644914716
23 31 5.3442222425771
24 31 5.3636455972024
25 31 5.387034557046
26 31 5.4148122530343
27 31 5.4420047293329
28 31 5.4679980813044
29 31 5.4912506741833
30 31 5.5101069429992
31 31 5.5263920892746
32 31 5.5384247693016
33 31 5.548960891506
34 31 5.5570220907518
35 31 5.5647893433389
36 31 5.5723551055703
37 31 5.5792917315867
38 31 5.5841841716619
39 31 5.5886172857288
40 31 5.5917937694006
41 31 5.5947357756203
42 31 5.596761159013
43 31 5.5987816919046
44 31 5.6014057668194
45 31 5.6040505711596
0 32 5.5974518315716
1 32 5.5959952009667
2 32 5.594462690011
3 32 5.5907209050605
4 32 5.5867750139378
5 32 5.5823811534131
6 32 5.5778100493989
7 32 5.5717520047515
8 32 5.5651165791178
9 32 5.5556830435771
10 32 5.5452514340872
11 32 5.5330982311444
12 32 5.519838801502
13 32 5.5015030558624
14 32 5.4806907719874
15 32 5.457718948427
16 32 5.4336331599879
17 32 5.4089327602915
18 32 5.3842828282034
19 32 5.3660394034011
20 32 5.3528746392879
21 32 5.3480230472025
22 32 5.3503366800606
23 32 5.3603135901833
24 32 5.3778614425146
25 32 5.3989472987327
26 32 5.4239452819172
27 32 5.4483564053805
28 32 5.4716130678886
29 32 5.4924671884607
30 32 5.5094899754761
31 32 5.5244343741049
32 32 5.5359705620069
33 32 5.5461766222452
34 32 5.554098813039
35 32 5.5615837501991
36 32 5.5684497726304
37 32 5.5748094669603
38 32 5.5796644663497
39 32 5.5841188605836
40 32 5.5873691183859
41 32 5.5903827479096
42 32 5.5924426632769
43 32 5.5945402036321
44 32 5.5977954122897
45 32 5.6010903825509
0 33 5.5903131246077
1 33 5.5893136980951
2 33 5.5882259207702
3 33 5.5845657890758
4 33 5.5807065462763
5 33 5.5769863651082
6 33 5.5731333003385
7 33 5.5671442826117
8 33 5.5604701684957
9 33 5.5514521004861
10 33 5.5416007724056
11 33 5.5303012510577
12 33 5.5180723222643
13 33 5.5015870410042
14 33 5.4830761382757
15 33 5.4633335643335
16 33 5.4429330039041
17 33 5.4215443557768
18 33 5.3998514172998
19 33 5.3829596733625
20 33 5.3699705347382
21 33 5.3652069299136
22 33 5.3675732865384
23 33 5.3766257058483
24 33 5.3922615202368
25 33 5.4109941788597
26 33 5.4331498014068
27 33 5.4547548849507
28 33 5.4752982748243
29 33 5.4937145450826
30 33 5.5087632295552
31 33 5.5222613918637
32 33 5.5332782181001
33 33 5.5431805525354
34 33 5.5510731573342
35 33 5.5582695624472
36 33 5.5641099190948
37 33 5.5696573513855
38 33 5.5746383261812
39 33 5.5792685471686
40 33 5.5825555262388
41 33 5.585621721
42 33 5.5879017021985
43 33 5.5902595796847
44 33 5.5941537391512
45 33 5.598100664194
0 34 5.5866387654058
1 34 5.5851925267955
2 34 5.5836686309821
3 34 5.5798837277104
4 34 5.5759633272755
5 34 5.572842535643
6 34 5.5696762976576
7 34 5.5641628387036
8 34 5.5579496848226
9 34 5.5497841065581
10 34 5.5409184909119
11 34 5.530760158471
12 34 5.519794836035
13 34 5.5052818038877
14 34 5.4890860268403
15 34 5.4719153284354
16 34 5.4542330118081
17 34 5.4358479407694
18 34 5.4172571051606
19 34 5.4022238076366
20 34 5.3901241074562
21 34 5.3851733446287
22 34 5.3864426603839
23 34 5.3938929306447
24 34 5.4074294462706
25 34 5.4234655576722
26 34 5.442254701963
27 34 5.4605674373057
28 34 5.4779863300889
29 34 5.4937834938347
30 34 5.5070096117748
31 34 5.5188905586254
32 34 5.5285883916779
33 34 5.5375586242951
34 34 5.5452978213451
35 34 5.5522177703249
36 34 5.5572637030427
37 34 5.5620237101735
38 34 5.5664130801497
39 34 5.5706572074428
40 34 5.5743908943074
41 34 5.5778782608052
42 34 5.5800266005695
43 34 5.5822225315885
44 34 5.5859788628057
45 34 5.5897887879703
0 35 5.5844892369988
1 35 5.5821764092046
2 35 5.5798074640802
3 35 5.5758046498819
4 35 5.5717523592589
5 35 5.5691082369025
6 35 5.5665209495187
7 35 5.5616919577486
8 35 5.5562150564271
9 35 5.5491186143959
10 35 5.5414302153773
11 35 5.5325376260412
12 35 5.5229327454836
13 35 5.5104572374575
14 35 5.4965961114513
15 35 5.4816495584827
16 35 5.4661665327314
17 35 5.4506099792875
18 35 5.4351847094748
19 35 5.4222864001245
20 35 5.4114799687542
21 35 5.406261880401
22 35 5.4059243749384
23 35 5.4114459112297
24 35 5.4227498651302
25 35 5.435924356513
26 35 5.451144065491
27 35 5.4659681329171
28 35 5.4800854267004
29 35 5.4932196461134
30 35 5.504774614834
31 35 5.5150039236968
32 35 5.5229832617163
33 35 5.5306895077974
34 35 5.5381681501985
35 35 5.5448004219493
36 35 5.5492303284928
37 35 5.553268715385
38 35 5.5567050207602
39 35 5.560278063847
40 35 5.5646747662759
41 35 5.5687750444502
42 35 5.5705913126542
43 35 5.5723892343649
44 35 5.57561333141
45 35 5.5788864122772
0 36 5.5773029607616
1 36 5.5750740660101
2 36 5.5727871584811
3 36 5.5688111954913
4 36 5.5647584203225
5 36 5.5617214185513
6 36 5.5587444220223
7 36 5.5544091469215
8 36 5.5496357699373
9 36 5.5433594555056
10 36 5.5365258739058
11 36 5.5285196713669
12 36 5.5199098416449
13 36 5.5094636546114
14 36 5.4980933186171
15 36 5.4855414282575
16 36 5.4724192420444
17 36 5.4597192118962
18 36 5.4474072952392
19 36 5.4366568945488
20 36 5.4272390716974
21 36 5.4226016626055
22 36 5.4221552954061
23 36 5.4263211049899
24 36 5.4350396963568
25 36 5.4456161010091
26 36 5.4582330321169
27 36 5.4703874354731
28 36 5.4817868688012
29 36 5.4928857893779
30 36 5.5034840861179
31 36 5.5127055859959
32 36 5.5194458413179
33 36 5.5260779362633
34 36 5.5328990210085
35 36 5.5390370620188
36 36 5.5432965080762
37 36 5.5471130608662
38 36 5.5500661577124
39 36 5.5533245263861
40 36 5.5582498269125
41 36 5.5628166567938
42 36 5.5643078959743
43 36 5.5657528466725
44 36 5.5688503230453
45 36 5.5720045575333
0 37 5.566610623549
1 37 5.5651362436059
2 37 5.5635869564048
3 37 5.559856727027
4 37 5.5559462575618
5 37 5.5519578197742
6 37 5.5479568485247
7 37 5.5439402100745
8 37 5.5397895012496
9 37 5.5341338187695
10 37 5.5279143391863
11 37 5.5205136905746
12 37 5.5126267154948
13 37 5.5041793290943
14 37 5.4953824275174
15 37 5.4853397008051
16 37 5.4746930650759
17 37 5.464798898116
18 37 5.4554503626615
19 37 5.4467874200729
20 37 5.4387924468973
21 37 5.4353587123316
22 37 5.435934316715
23 37 5.4392304951074
24 37 5.4452023904303
25 37 5.4534214928893
26 37 5.4641366511269
27 37 5.4742466901177
28 37 5.4834259605129
29 37 5.4929851734798
30 37 5.5031292440078
31 37 5.5118166100453
32 37 5.5177206605226
33 37 5.5234607578115
34 37 5.529347363829
35 37 5.5348415947757
36 37 5.5392343642138
37 37 5.5431800935102
38 37 5.5460101192949
39 37 5.5492063162473
40 37 5.5544333839963
41 37 5.5592467692213
42 37 5.5604612350941
43 37 5.5616354892194
44 37 5.56491665989
45 37 5.5682701953134
0 38 5.560046116711
1 38 5.5585622263909
2 38 5.5570228432723
3 38 5.553867774471
4 38 5.5505457533406
5 38 5.5465929488707
6 38 5.5425514505581
7 38 5.5386340240542
8 38 5.5346540948448
9 38 5.5296214141438
10 38 5.5241584300312
11 38 5.517493054543
12 38 5.5104199895273
13 38 5.5037411095698
14 38 5.4971414494395
15 38 5.4892309678165
16 38 5.4806506857026
17 38 5.4726480951187
18 38 5.4650660630232
19 38 5.457883848168
20 38 5.4511524924096
21 38 5.4487065036279
22 38 5.4500252878064
23 38 5.4528590022202
24 38 5.4571609433991
25 38 5.4633929934702
26 38 5.471786143801
27 38 5.4798308269091
28 38 5.4873326419553
29 38 5.4955878135266
30 38 5.5049854250337
31 38 5.5129993080398
32 38 5.5182839888379
33 38 5.5233592628486
34 38 5.5284843121054
35 38 5.53339179944
36 38 5.5376827996646
37 38 5.5415224026988
38 38 5.5440731614117
39 38 5.546850569934
40 38 5.5511125944394
41 38 5.5550667449388
42 38 5.5563559138455
43 38 5.5576489323367
44 38 5.5609195287947
45 38 5.5642580477059
0 39 5.5578502190907
1 39 5.5556070673303
2 39 5.5533613821025
3 39 5.5510419343841
4 39 5.5486840950002
5 39 5.5457699868493
6 39 5.5427015036613
7 39 5.5387023490879
8 39 5.5344768367488
9 39 5.5300506539744
10 39 5.5254561508364
11 39 5.5196770033119
12 39 5.5135429644793
13 39 5.5083617120368
14 39 5.5035106080734
15 39 5.4973137818684
16 39 5.4903689980448
17 39 5.4833488821512
18 39 5.4763574764703
19 39 5.4700656738967
20 39 5.4644476567322
21 39 5.4626999648971
22 39 5.4643382911812
23 39 5.4670690682896
24 39 5.4708288621723
25 39 5.47548277855
26 39 5.4811561103134
27 39 5.4871144308835
28 39 5.4934512934219
29 39 5.5005952731944
30 39 5.5088950993552
31 39 5.5160473852584
32 39 5.52090336777
33 39 5.5255316579539
34 39 5.5300907422994
35 39 5.5344855901461
36 39 5.5384337237171
37 39 5.5419226272865
38 39 5.5440261452924
39 39 5.5460365740588
40 39 5.5481651275907
41 39 5.5502437365338
42 39 5.5519494949131
43 39 5.553737569398
44 39 5.5568174627796
45 39 5.5599417253392
0 40 5.5549656856574
1 40 5.5528008799924
2 40 5.55063915796
3 40 5.5485672166034
4 40 5.5464924699087
5 40 5.5442456481508
6 40 5.5418680596005
7 40 5.5380624177749
8 40 5.5339261641051
9 40 5.5296861370467
10 40 5.5253635869732
11 40 5.5204383191552
12 40 5.5153696647031
13 40 5.5111806252766
14 40 5.5073124677243
15 40 5.5024561918303
16 40 5.4970081851756
17 40 5.4909805565824
18 40 5.4846755431548
19 40 5.4794057781434
20 40 5.4750401075556
21 40 5.4737534273361
22 40 5.4751472438789
23 40 5.4777037230186
24 40 5.4813575623013
25 40 5.4851266057422
26 40 5.4890435182602
27 40 5.4935405988636
28 40 5.4988567716974
29 40 5.5048841408694
30 40 5.5118971565635
31 40 5.5180909080758
32 40 5.5226149200326
33 40 5.5268691491022
34 40 5.5308506145309
35 40 5.5347826064647
36 40 5.5386213927506
37 40 5.5420021313502
38 40 5.5438807326046
39 40 5.545475272233
40 40 5.5463947297014
41 40 5.5474248708258
42 40 5.5494832600779
43 40 5.5516945669518
44 40 5.5550595244582
45 40 5.5584641055762
0 41 5.5506826956654
1 41 5.5497901801742
2 41 5.5488397719698
3 41 5.5462038040022
4 41 5.5434627034609
5 41 5.5412470640372
6 41 5.539038548676
7 41 5.5357948869785
8 41 5.5322286412893
9 41 5.5276429049901
10 41 5.5228179319401
11 41 5.5186678505872
12 41 5.514781294348
13 41 5.5109122833221
14 41 5.5070321416956
15 41 5.5030351675825
16 41 5.4989159390495
17 41 5.4940039305568
18 41 5.4886752672092
19 41 5.4846621289429
20 41 5.4817160140218
21 41 5.4805942409505
22 41 5.4810478037689
23 41 5.4832744864998
24 41 5.4872289198775
25 41 5.4909764369632
26 41 5.4944889282514
27 41 5.4983774844679
28 41 5.5028147052342
29 41 5.5077062712568
30 41 5.5132340158345
31 41 5.5183632007249
32 41 5.5226428342261
33 41 5.5265858788591
34 41 5.5299685302143
35 41 5.5335115688983
36 41 5.5375872188349
37 41 5.5412134646438
38 41 5.5431713585195
39 41 5.5448452140798
40 41 5.5459084637396
41 41 5.547095487358
42 41 5.5493660662546
43 41 5.5518438196026
44 41 5.5561086885
45 41 5.5604349381745
0 42 5.5468827154126
1 42 5.5471437851008
2 42 5.5472905846175
3 42 5.5441103816165
4 42 5.5407153078662
5 42 5.5382312802105
6 42 5.5358503171672
7 42 5.5329191963945
8 42 5.5297392300879
9 42 5.5251366397111
10 42 5.5202304813418
11 42 5.5166237330704
12 42 5.5134426144283
13 42 5.5094708551032
14 42 5.5051835233473
15 42 5.5015893649488
16 42 5.4983438795006
17 42 5.4945694977151
18 42 5.490514718762
19 42 5.4876187282889
20 42 5.4856274929707
21 42 5.4844744269418
22 42 5.4840391662147
23 42 5.4857026563429
24 42 5.4894429635076
25 42 5.4930394443003
26 42 5.49645586286
27 42 5.499983695019
28 42 5.5036840611417
29 42 5.5075831182312
30 42 5.5117709716783
31 42 5.5158420970841
32 42 5.5196372122717
33 42 5.5231620118294
34 42 5.5261756901063
35 42 5.5295458589468
36 42 5.5339499943316
37 42 5.5378487329634
38 42 5.5397365966835
39 42 5.5413185636303
40 42 5.542325281072
41 42 5.5434681554501
42 42 5.5457582928973
43 42 5.5482863966272
44 42 5.5529377160852
45 42 5.5576619601124
0 43 5.5440240614035
1 43 5.5449927034209
2 43 5.5458114307206
3 43 5.5422653562779
4 43 5.5384073381428
5 43 5.5352294530581
6 43 5.5321563819646
7 43 5.5290466446752
8 43 5.5258616940308
9 43 5.5219172234463
10 43 5.5178058415111
11 43 5.514347050952
12 43 5.5110118111358
13 43 5.5063194247612
14 43 5.5011149563943
15 43 5.4972037687845
16 43 5.4940522577804
17 43 5.4914115977048
18 43 5.4890749662722
19 43 5.4869839267848
20 43 5.4850781293498
21 43 5.4835964044373
22 43 5.4824968797341
23 43 5.4832308314755
24 43 5.485801599572
25 43 5.4888857704264
26 43 5.4925256969647
27 43 5.4959974109909
28 43 5.4992099586535
29 43 5.5023977538101
30 43 5.5055639568829
31 43 5.5086272034082
32 43 5.5115059429216
33 43 5.5144192789923
34 43 5.5174804009713
35 43 5.5210407402694
36 43 5.5258372365179
37 43 5.529973247348
38 43 5.5315172807126
39 43 5.5326639933869
40 43 5.5330553953693
41 43 5.5336117520282
42 43 5.5355836770012
43 43 5.5377866801234
44 43 5.5418331057752
45 43 5.5459428461397
0 44 5.5387348988058
1 44 5.5397445038438
2 44 5.5405979932284
3 44 5.5369061391924
4 44 5.5328716427873
5 44 5.5292403471183
6 44 5.5257118577591
7 44 5.522711172823
8 44 5.5197917304506
9 44 5.516444844532
10 44 5.5129970491542
11 44 5.5098644665856
12 44 5.5067010821287
13 44 5.5019176809951
14 44 5.4965351729507
15 44 5.4927663332277
16 44 5.4899643648489
17 44 5.4880749799003
18 44 5.4867029808181
19 44 5.4850549311939
20 44 5.4831879261544
21 44 5.4815413202697
22 44 5.4801141929411
23 44 5.4804077369363
24 44 5.4824341728557
25 44 5.485160152226
26 44 5.4886527301295
27 44 5.4919397566885
28 44 5.494896319232
29 44 5.4976763779758
30 44 5.5002003931783
31 44 5.5025977441794
32 44 5.5048153623118
33 44 5.5072799923251
34 44 5.5103502393247
35 44 5.5138498778178
36 44 5.5182971563928
37 44 5.522228475552
38 44 5.5241309230543
39 44 5.5255489833551
40 44 5.5256078010183
41 44 5.5257701231157
42 44 5.5272366236538
43 44 5.528961272179
44 44 5.5329460339904
45 44 5.5370084222932
0 45 5.527074983556
1 45 5.5265084255422
2 45 5.5258509492436
3 45 5.5225463660159
4 45 5.5190364128437
5 45 5.5156614595563
6 45 5.5123953338985
7 45 5.5103230051513
8 45 5.5084207807954
9 45 5.5053810387855
10 45 5.502090313454
11 45 5.4998168025689
12 45 5.4978267422978
13 45 5.4946868954703
14 45 5.4911213459073
15 45 5.4888130475469
16 45 5.4871679132648
17 45 5.485053916292
18 45 5.4826342490336
19 45 5.4805662782272
20 45 5.4787906744956
21 45 5.4774604014344
22 45 5.4765289276512
23 45 5.4777026000918
24 45 5.4809604085665
25 45 5.4837916677883
26 45 5.4861343575322
27 45 5.4888508957803
28 45 5.4920897879981
29 45 5.4951765057099
30 45 5.497959440904
31 45 5.50055500929
32 45 5.5028594234602
33 45 5.5053324546158
34 45 5.5082172505956
35 45 5.5109355071347
36 45 5.5131392096689
37 45 5.5157517942428
38 45 5.5198469211524
39 45 5.523396497928
40 45 5.5239556876483
41 45 5.5243260152768
42 45 5.5248910235732
43 45 5.5258336359456
44 45 5.5313226436827
45 45 5.5369678032035
0 46 5.5172245652175
1 46 5.5152730996536
2 46 5.5132911922626
3 46 5.5104229640218
4 46 5.5074758280838
5 46 5.5043999915067
6 46 5.5014043647764
7 46 5.4997822545638
8 46 5.4983642663027
9 46 5.4957294854703
10 46 5.4928460405234
11 46 5.4912651990269
12 46 5.4901205785342
13 46 5.4882994768918
14 46 5.4862347945419
15 46 5.4850920253646
16 46 5.4843526769741
17 46 5.4822018984627
18 46 5.4791786009399
19 46 5.4768093116644
20 46 5.4749944848786
21 46 5.4739330407163
22 46 5.4735303030978
23 46 5.475259617329
24 46 5.4790774695069
25 46 5.4818446607081
26 46 5.4834314292543
27 46 5.4857491678298
28 46 5.4891083845362
29 46 5.4922971862206
30 46 5.4951055566862
31 46 5.4977537467231
32 46 5.500160860799
33 46 5.5025948747318
34 46 5.5050937814681
35 46 5.5070500342624
36 46 5.5076305868836
37 46 5.5092908754708
38 46 5.5149181169421
39 46 5.5199451688231
40 46 5.5207782555756
41 46 5.5212340312641
42 46 5.5212398548113
43 46 5.5216834186593
44 46 5.5278866734186
45 46 5.5342877521543
0 47 5.516343823408
1 47 5.5142253840809
2 47 5.5120981110407
3 47 5.5097136423974
4 47 5.5072870269927
5 47 5.5044930861629
6 47 5.5016108148414
7 47 5.4983000014831
8 47 5.4950245217333
9 47 5.493262451041
10 47 5.4919229379753
11 47 5.4902188153585
12 47 5.4883290883242
13 47 5.4860502631138
14 47 5.4836745103642
15 47 5.4821527770497
16 47 5.4810895790429
17 47 5.4799206371405
18 47 5.4786239264682
19 47 5.476668839548
20 47 5.4742837557919
21 47 5.4731719201996
22 47 5.4732044105518
23 47 5.4738271751758
24 47 5.4750287802696
25 47 5.4769255544126
26 47 5.4796077869861
27 47 5.4823192743447
28 47 5.4850022815117
29 47 5.4872789030944
30 47 5.4889330576421
31 47 5.4908166077965
32 47 5.4931880708241
33 47 5.4952708816179
34 47 5.4966375652174
35 47 5.4981099045038
36 47 5.500073778928
37 47 5.5025553788568
38 47 5.5065613872359
39 47 5.5099313278583
40 47 5.5098987659756
41 47 5.5097816478029
42 47 5.5107158142597
43 47 5.5118844840103
44 47 5.5152028826537
45 47 5.518595116495
0 48 5.5140550813247
1 48 5.5120317692523
2 48 5.5100070954108
3 48 5.5079427733494
4 48 5.5058565710611
5 48 5.5034500380317
6 48 5.5008388614512
7 48 5.4961012768113
8 48 5.4912184117524
9 48 5.4901772805854
10 48 5.4901288059563
11 48 5.4882626980499
12 48 5.4856755258976
13 48 5.4830143978819
14 48 5.4804092234451
15 48 5.4785495840572
16 48 5.4771742442894
17 48 5.4769039772499
18 48 5.4772063335091
19 48 5.4757749212659
20 48 5.4730986694265
21 48 5.4720215294797
22 48 5.4723979986786
23 48 5.4720040710144
24 48 5.4708590608781
25 48 5.4719263919331
26 48 5.4754886481175
27 48 5.4784880819086
28 48 5.4805540076314
29 48 5.4820232203389
30 48 5.482680931991
31 48 5.4839123442397
32 48 5.4862744968309
33 48 5.4880954568748
34 48 5.4885655910103
35 48 5.4896839277501
36 48 5.49284897903
37 48 5.4960204376746
38 48 5.498537820326
39 48 5.5003691335247
40 48 5.4994256788225
41 48 5.4986938899188
42 48 5.500613641213
43 48 5.5025810701863
44 48 5.5032202856177
45 48 5.5038138818503
0 49 5.4959253707855
1 49 5.4956376297769
2 49 5.4952553713325
3 49 5.4921212158445
4 49 5.4888881262295
5 49 5.4877593336351
6 49 5.4868098246694
7 49 5.48380546333
8 49 5.4804681842852
9 49 5.4786666106997
10 49 5.4772789005689
11 49 5.4752967767013
12 49 5.4731314762452
13 49 5.4715237885293
14 49 5.4701930983527
15 49 5.4690387712452
16 49 5.4680063557016
17 49 5.4674776491757
18 49 5.4672566593599
19 49 5.4669403794166
20 49 5.4665479381424
21 49 5.4663618203204
22 49 5.4663614050742
23 49 5.4664555010979
24 49 5.4666582990421
25 49 5.4676042544357
26 49 5.4694056866495
27 49 5.4714490111386
28 49 5.4737533215078
29 49 5.4757510141429
30 49 5.4772664279965
31 49 5.4791569927764
32 49 5.4817928403466
33 49 5.48424076506
34 49 5.4861237431404
35 49 5.4878486854591
36 49 5.4893291969986
37 49 5.4912874028317
38 49 5.4948540796353
39 49 5.4975580518608
40 49 5.4958415897979
41 49 5.4944439873865
42 49 5.4971541222826
43 49 5.4999817107527
44 49 5.5012927702271
45 49 5.5025517425668
0 50 5.47729917
1 50 5.4787984151157
2 50 5.4801068332417
3 50 5.4758592793444
4 50 5.4714326871868
5 50 5.4716095399797
6 50 5.4723652821932
7 50 5.4711931852258
8 50 5.4695003131424
9 50 5.4668918674211
10 50 5.464082483309
11 50 5.4619857842586
12 50 5.4602774373107
13 50 5.4597681891919
14 50 5.4597591189438
15 50 5.4593428008385
16 50 5.4586738407053
17 50 5.4578504282242
18 50 5.4570395713147
19 50 5.4578569612337
20 50 5.4598290359303
21 50 5.4605607793589
22 50 5.4601608862513
23 50 5.4607901670192
24 50 5.4624565642687
25 50 5.463303336367
26 50 5.4632611747296
27 50 5.4643093985167
28 50 5.4668789056917
29 50 5.4694469479014
30 50 5.471878176878
31 50 5.4744689928703
32 50 5.4773874054219
33 50 5.4804901522045
34 50 5.4838583556187
35 50 5.4862200110547
36 50 5.4859255382482
37 50 5.4866108436346
38 50 5.4913063584939
39 50 5.4949585646837
40 50 5.4924734168891
41 50 5.4904083980444
42 50 5.4939027985132
43 50 5.4975924708976
44 50 5.499680402864
45 50 5.501713321
